"Q12" "Q1" "Q13" "Q22" "Q24" "Q27" "Q30" "Q32" "Q34" "Q37" "Q40" "Q41" "Q43" "Q44" "V1" "P" "PJ_ONU" "PJ_CNJ" "PM" "PMJ_ONU" "PMJ_CNJ" "fvl" "Tot_DR" "até_5" "X5_a_10" "X10_a_20" "X20_" "RM_DOM" "S_RM_DOM" "perc_5" "perc5_a_10" "perc10_a_20" "perc20_" "Total_EF" "P2000" "EF_P" "Q70" "Q71" "Q73" "Q74" "Q75" "Q76" "Q77" "Q78" "Q79" "Km2" "AC_1" "AC_2" "AC_3" "AC_4" "AC_5" "AC_6" "AC_7" "AC_8" "AC_9" "AC_10" "AC_11" "AC_12" "AC_14" "AC_15" "AC_99" "AC_ResBP" "AC_nRes" "Seccional"
"1" 1 2003 "SÉ" 53 29 379 1 5 39 58 81 2501 242 5603 11 21079 3927 6280 10100 1858 3004 0 7704.981 2778.115 2453.99 1663.007 809.869 9.155 9.114 0.361 0.318 0.216 0.105 79883 20174 3.96 1725 452 141 464 555 233 2 0 110 2.17 7806 23980 396 457465 5032 313202 2997700 616 8168 221864 42802 78200 80415 133424 26984 115205 3795976 "1 CENTRO"
"2" 1 2013 "SÉ" 20 29 391 1 19 138 12 75 3376 252 11177 3 24654 12090 3685 6383 1805 3143 0 8741 5819 2318 520 84 4.786 11.462 0.666 0.265 0.059 0.01 93149 23620 3.944 1620 334 70 377 656 91 56 2 35 2.17 8000 26992 396 471066 1389 317353 3093788 885 10020 223570 50680 110610 84800 131340 41907 134707 3938246 "1 CENTRO"
"3" 2 2013 "BOM_RETIRO" 4 10 198 0 8 28 4 56 607 125 2127 2 35567 17233 5214 8840 2711 4547 0 9434 5214 2667 1273 280 6.268 10.522 0.553 0.283 0.135 0.03 57954 33825 1.713 1464 934 103 885 950 126 115 21 24 4.18 75547 163494 2593 511016 71321 609486 949079 315685 108458 200784 87637 203156 73115 23809 99287 247949 2498094 "1 CENTRO"
"4" 2 2003 "BOM_RETIRO" 6 10 120 1 3 13 23 71 584 169 1077 11 28656 5061 7895 13689 2542 3980 400 8257.698 2497.334 2056.194 2078.3 1625.87 11.321 8.559 0.302 0.249 0.252 0.197 40115 26678 1.504 501 146 61 189 179 50 0 0 68 4.18 78226 168802 2421 470783 71290 613242 871550 323838 105605 173445 87474 169603 19534 24334 126011 223771 2369091 "1 CENTRO"
"5" 3 2013 "CAMPOS_ELÍSIOS" 9 15 516 1 19 251 3 36 3386 266 6412 7 58784 29617 6617 13106 3338 6793 0 25006 13606 7393 3013 994 6.379 10.457 0.544 0.296 0.12 0.04 153349 56898 2.695 1397 247 76 299 557 62 76 0 22 2.3 11897 16817 793 1630236 117176 353925 3325411 4902 4220 495279 9559 195198 273944 189004 140993 426834 4577498 "1 CENTRO"
"6" 3 2003 "CAMPOS_ELÍSIOS" 45 50 403 0 9 93 56 75 3504 368 5496 25 50595 8225 14107 25002 4193 7331 0 20990.757 5201.92 6559.459 5593.306 3636.072 11.291 8.564 0.248 0.312 0.266 0.173 76795 47810 1.606 2430 637 110 929 851 295 0 1 103 2.3 11773 15297 1433 1564884 143062 356957 3376073 5048 1727 540608 7173 153782 235019 186942 118740 365532 4628310 "1 CENTRO"
"7" 4 2013 "CONSOLAÇÃO" 4 4 363 0 22 75 2 78 2429 459 6556 11 128196 59440 14434 29094 7090 14366 0 53261 16357 14966 12202 9736 10.882 8.631 0.307 0.281 0.229 0.183 210638 126748 1.662 959 94 45 102 202 25 69 1 13 6.54 30694 159989 253475 4884839 3182588 665177 3677391 8223 6050 1160635 275637 483854 235547 44877 106916 373157 6321844 "1 CENTRO"
"8" 4 2003 "CONSOLAÇÃO" 4 6 428 5 5 15 15 146 2025 410 3207 14 120821 20268 33569 54098 9657 16055 0 46577.142 6949.018 9527.552 11137.086 18963.486 15.672 9.052 0.149 0.205 0.239 0.407 114601 117908 0.972 1144 209 121 217 276 46 0 0 61 6.54 29536 165777 265056 4556254 3053070 641851 3311547 10013 4272 882736 286063 419273 217041 61816 97559 344136 5617571 "1 CENTRO"
"9" 5 2013 "ACLIMAÇÃO" 4 9 322 0 16 54 4 89 1511 662 4350 8 70402 32476 8480 15361 4301 7671 88 25780 9769 7116 5612 3283 9.467 9.004 0.379 0.276 0.218 0.127 41485 69030 0.601 1283 101 76 109 224 39 51 2 17 3.65 62177 434308 74859 2119679 818749 496360 574372 46373 11013 265715 243972 228534 52987 19981 52319 167483 1886320 "1 CENTRO"
"10" 5 2003 "ACLIMAÇÃO" 20 22 312 2 9 37 28 107 1629 390 3091 20 64310 10795 17402 29120 5221 8365 0 22016.831 4498.065 4747.048 4897.787 7873.931 14.405 8.689 0.204 0.216 0.222 0.358 24619 62006 0.397 1083 273 148 318 461 169 0 10 73 3.65 63091 452990 87678 1853616 566985 452215 485763 73463 10029 211216 181212 138722 40029 24110 59149 162269 1576730 "1 CENTRO"
"11" 6 2013 "CAMBUCI" 5 4 222 0 19 50 6 433 1050 659 1952 4 38218 17653 4676 7897 2300 3816 0 12140 4805 3432 2607 1296 9 9.172 0.396 0.283 0.215 0.107 40638 36872 1.102 713 77 170 85 172 26 25 0 21 3.93 104405 442217 49959 545172 220231 501815 313826 521775 150758 138686 47781 156932 62848 16837 67387 234640 1848410 "1 CENTRO"
"12" 6 2003 "CAMBUCI" 13 19 242 4 4 23 39 279 1288 764 1803 7 31114 4926 7534 14179 2411 3658 0 8955.607 2092.893 2094.423 2423.784 2344.507 12.943 8.489 0.234 0.234 0.271 0.262 23141 28790 0.804 1037 173 263 178 227 41 25 8 94 3.93 107229 440579 51612 387849 86346 498322 305182 573634 135979 134210 39649 109757 50923 14887 59710 217862 1811620 "1 CENTRO"
"13" 7 2013 "LAPA" 5 10 283 1 17 15 11 418 1471 1393 4613 2 66417 30415 7122 12187 3639 6173 280 23001 6889 5931 5693 4488 11.273 8.566 0.3 0.258 0.248 0.195 102929 65692 1.567 1075 94 100 118 171 103 19 0 10 10.28 212351 969327 392655 1171773 1009130 1119945 586907 794995 326833 245955 102732 121128 102483 25038 169098 483932 3323533 "3 OESTE"
"14" 7 2003 "LAPA" 18 27 327 1 18 19 42 317 2108 1334 3452 8 61840 8968 13900 27994 4448 6825 65 19942.579 3356.747 4023.394 4664.424 7898.015 15.343 8.942 0.168 0.202 0.234 0.396 64132 60281 1.064 1019 295 285 324 398 35 11 0 122 10.28 225904 991149 392523 836968 367392 1029666 470352 997218 274570 225285 100315 108505 101745 30889 119257 446906 3236800 "3 OESTE"
"15" 8 2013 "BRÁS" 12 13 420 1 19 61 10 127 1057 406 2953 7 30516 15224 4465 7702 2283 3927 0 9678 5759 2732 985 202 5.653 10.897 0.595 0.282 0.102 0.021 57967 29229 1.983 1682 1016 357 1016 1061 137 163 58 37 3.61 115952 56036 3418 330561 2337 1091398 1207763 334078 267026 124800 49124 40676 80133 25829 214180 410265 3140694 "1 CENTRO"
"16" 8 2003 "BRÁS" 23 29 229 0 3 20 27 150 1067 388 1555 21 26363 4686 7349 12994 2358 3737 0 8298.245 2457.165 2576.727 1873.765 1390.588 10.646 8.678 0.296 0.311 0.226 0.168 31999 25230 1.268 840 180 211 218 234 57 9 1 57 3.61 121884 63511 4030 337624 0 1094857 1066822 392666 281166 138193 49009 22328 33380 27715 113816 269080 3072756 "1 CENTRO"
"17" 9 2013 "CARANDIRU" 9 4 403 0 25 74 22 243 1361 9 3475 7 55264 25727 7234 11884 3601 5891 94 17024 8478 4833 2703 1010 7.239 9.978 0.498 0.284 0.159 0.059 38509 54295 0.709 1095 168 159 191 194 41 0 0 12 7.24 276779 972414 49722 473243 117797 938637 237616 233183 271531 79792 117471 109376 113762 7820 75205 465746 1995426 "4 OESTE"
"18" 9 2003 "CARANDIRU" 15 23 358 1 5 33 31 327 1578 1054 2428 6 51241 8676 13164 23830 4258 6475 36 15127.763 4088.232 4244.398 3712.356 3082.777 11.555 8.53 0.27 0.281 0.245 0.204 25397 50090 0.507 993 250 385 282 334 45 5 12 138 7.24 278882 931909 46472 226801 38228 802576 314614 256855 252903 70857 70826 101768 79521 10312 58836 417239 1880711 "4 OESTE"
"19" 10 2013 "PENHA_DE_FRANÇA" 14 14 504 1 33 71 17 998 1529 1174 2465 24 265358 124433 39441 62705 19719 31082 6429 79096 48787 20091 8448 1770 5.609 10.925 0.617 0.254 0.107 0.022 41010 264419 0.155 2513 561 690 561 688 94 182 4 104 28.02 1752730 3439270 176887 1040682 48172 1743746 276728 288447 88962 95765 159107 168158 259269 10233 101316 2113315 2831146 "5 LESTE"
"20" 10 2003 "PENHA_DE_FRANÇA" 17 28 529 2 18 31 59 679 1918 1030 2091 59 263157 45997 68931 124197 22642 33734 5170 75939.892 27193.334 21545.143 16521.878 10679.538 9.802 8.897 0.358 0.284 0.218 0.141 27235 261635 0.104 1286 233 352 239 304 48 0 0 200 28.02 1665315 3155445 170168 812836 66579 1589919 301384 294598 82835 123516 156085 150662 218597 12649 74536 1958448 2711648 "5 LESTE"
"21" 11 2013 "SANTO_AMARO" 9 15 366 4 21 13 28 578 2239 955 4530 6 72784 33732 8135 13422 4166 6782 44 23829 5641 5531 5902 6755 13.135 8.502 0.237 0.232 0.248 0.283 161677 71462 2.262 1229 581 327 810 712 275 55 62 104 15.94 220302 1264631 1369824 928203 1885678 1530678 1837283 800791 75516 395974 300269 283191 45287 20747 176725 442314 5244449 "6 SANTO AMARO"
"22" 11 2003 "SANTO_AMARO" 31 14 292 5 13 15 73 518 4003 1498 4981 14 64015 9804 14841 29497 4842 7285 10 18865.043 2078.235 3186.241 4284.29 9316.277 17.295 9.74 0.11 0.169 0.227 0.494 103245 60673 1.702 1252 371 327 654 470 301 15 0 227 15.94 218775 1272698 1166802 835095 854644 1188249 1407332 1018128 85203 247983 261780 212361 45387 28330 138678 402840 4449366 "6 SANTO AMARO"
"23" 12 2013 "PARI" 7 12 398 0 13 79 4 141 1500 314 5151 2 17875 8478 2660 4363 1350 2208 130 5238 3248 1276 515 199 5.802 10.805 0.62 0.244 0.098 0.038 22810 17277 1.32 1003 156 120 179 311 44 29 1 24 2.71 59640 210539 25554 119768 4792 508831 561575 120638 83530 41865 20931 112079 19787 11584 45993 125420 1461033 "1 CENTRO"
"24" 12 2003 "PARI" 38 32 325 2 14 17 47 178 1428 362 2940 6 15525 2685 4086 7249 1331 2006 54 4447.884 1394.408 1110.791 1107.065 835.62 11.087 8.595 0.313 0.25 0.249 0.188 15084 14877 1.014 1043 267 184 327 383 155 0 0 128 2.71 62473 217863 25745 104856 4792 476129 448816 205726 75829 30601 26389 100763 6532 11965 24381 93386 1376218 "1 CENTRO"
"25" 13 2013 "CASA_VERDE" 9 11 489 1 15 28 27 533 1449 1206 2912 18 202771 91747 25993 43373 12784 20900 126 64607 26479 17377 13262 7489 9.019 9.165 0.41 0.269 0.205 0.116 99812 204453 0.488 1963 781 484 799 842 154 16 1 110 20.27 688359 3011235 467749 3316838 1993176 1897520 829323 288252 134123 653075 273123 321040 174330 42666 181443 1044132 4439122 "4 OESTE"
"26" 13 2003 "CASA_VERDE" 18 25 436 0 6 25 38 461 1566 1085 2366 56 207486 35216 53479 97977 17989 27331 22 60631.6 12055.508 14141.976 14872.044 19562.072 13.992 8.608 0.199 0.233 0.245 0.323 55928 208542 0.268 1042 275 358 337 407 78 14 3 130 20.27 679822 2948290 450430 2861344 1335069 1810298 635122 340754 117478 571347 247289 208561 152452 47342 136656 968930 3978191 "4 OESTE"
"27" 14 2003 "PINHEIROS" 17 18 414 4 9 25 54 515 2692 1843 3733 12 107937 15895 25461 47742 7525 11846 6 37110.211 3504.762 5048.241 7454.508 21102.699 18.486 10.378 0.094 0.136 0.201 0.569 94028 107651 0.873 1773 273 322 309 364 68 17 0 174 15.79 132277 1235298 2086953 2242068 2446012 1160733 2014963 44886 29466 153380 185582 253716 176094 27071 123765 432136 3869797 "3 OESTE"
"28" 14 2013 "PINHEIROS" 4 6 385 1 17 43 26 290 1663 1176 4830 4 108164 48549 10977 19433 5479 9502 22 39544 7930 8615 10287 12712 14.074 8.623 0.201 0.218 0.26 0.321 132537 108473 1.222 1501 458 272 531 517 86 71 0 38 15.79 121180 1175936 2171925 2547606 3502710 1253661 2620724 24862 19888 159076 208953 341019 178005 22170 192806 491991 4650353 "3 OESTE"
"29" 15 2013 "ITAIM_BIBI" 2 1 193 2 4 2 12 127 1251 444 3328 3 85621 38924 8277 14763 4003 6950 0 32253 4193 5824 8470 13766 16.289 9.286 0.13 0.181 0.263 0.427 95958 83261 1.152 1098 75 29 106 122 35 13 0 93 9.13 35638 304457 576505 2421610 5226526 968678 991348 8845 4902 512909 135840 224446 5639 7869 178962 220239 2854837 "3 OESTE"
"30" 15 2003 "ITAIM_BIBI" 2 7 331 0 3 9 36 381 2492 771 2980 2 74903 10721 17239 33518 4940 7754 0 26375.932 1675.53 2624.114 4397.746 17678.542 20.162 11.427 0.064 0.099 0.167 0.67 63798 71342 0.894 1154 267 170 296 341 31 3 0 82 9.13 46557 361616 566537 2282446 3845320 861778 816141 15930 4241 338729 119731 185412 5635 6810 165767 217959 2348772 "3 OESTE"
"31" 16 2013 "VILA_CLEMENTINO" 4 11 361 0 18 17 12 909 1910 897 3599 5 132138 60047 13933 24820 6954 12260 492 46783 12280 11752 13202 9549 11.876 8.501 0.262 0.251 0.282 0.204 75686 130671 0.579 1440 476 872 476 540 52 41 0 49 9.23 821601 2177676 80866 2006101 22308 948856 112004 848420 165669 136908 145541 108855 346749 21921 51486 1219836 2488174 "2 SUL"
"32" 16 2003 "VILA_CLEMENTINO" 14 15 267 1 9 11 45 945 2770 2146 3355 15 122101 18108 28957 55003 8804 13803 264 39801.346 5216.479 6845.781 8488.353 19250.734 16.908 9.556 0.131 0.172 0.213 0.484 41352 118175 0.35 1125 221 518 233 307 69 0 0 196 9.23 815960 2090397 75686 1392584 22308 910547 106988 901119 101509 81649 126664 85111 245078 5231 28671 1089709 2318818 "2 SUL"
"33" 17 2013 "IPIRANGA" 7 8 258 1 2 28 1 806 1906 1218 2115 9 108615 50409 14451 23641 7242 11745 600 34551 16088 8785 6115 3563 8.304 9.46 0.466 0.254 0.177 0.103 56927 106797 0.533 1040 86 135 93 147 28 58 0 31 11.01 442545 1338015 118216 1434081 946586 1271914 286815 908750 482216 228786 156458 178585 121602 23395 163805 727952 3536919 "2 SUL"
"34" 17 2003 "IPIRANGA" 22 20 219 0 6 16 30 606 1596 1559 1542 34 101284 16731 25667 46820 8207 12591 39 30909.858 9210.54 7282.951 7071.52 7344.846 11.884 8.5 0.298 0.236 0.229 0.238 43524 98906 0.44 720 189 401 219 300 39 0 0 108 11.01 447533 1330726 123266 969727 374701 1201782 243037 1006972 557860 191147 139672 138668 80936 23933 94299 622768 3503071 "2 SUL"
"35" 21 2013 "VILA_MATILDE" 9 11 292 0 20 20 10 432 1249 726 1249 9 105237 49371 14999 23911 7660 12081 196 32108 18113 8684 4344 967 6.221 10.55 0.564 0.27 0.135 0.03 16893 104931 0.161 1046 57 131 64 67 7 0 0 14 8.9 638274 1737596 138339 493965 38624 707820 52122 113398 55702 29663 69922 89501 13887 6351 60019 712180 1124479 "5 LESTE"
"36" 21 2003 "VILA_MATILDE" 14 14 331 2 12 10 44 886 1334 1005 1304 16 103803 17787 26620 48845 8811 13089 0 29904.952 9732.307 8526.746 7305.751 4340.147 10.245 8.773 0.325 0.285 0.244 0.145 9526 103007 0.092 1045 182 384 185 276 55 47 0 129 8.9 594370 1531329 133105 281402 51530 676450 46531 125895 36290 20165 66005 75561 2804 5885 41126 638300 1052782 "5 LESTE"
"37" 22 2013 "SÃO_MIGUEL_PAULISTA" 11 14 395 4 39 66 15 854 1569 518 1902 17 90919 43360 14975 23039 7461 11392 717 26110 19506 5006 1388 210 4.304 11.792 0.747 0.192 0.053 0.008 12720 92124 0.138 799 163 232 195 222 42 15 2 30 7.65 906554 775333 49650 28119 9356 678499 90480 100253 9057 47929 72189 69860 40180 3092 30566 977300 1071359 "7 ITAQUERA"
"38" 22 2003 "SÃO_MIGUEL_PAULISTA" 40 31 233 4 5 25 64 669 2116 428 1743 60 96491 18049 26715 46209 8860 13137 895 26726.946 12799.432 7559.395 4432.596 1935.523 7.617 9.784 0.479 0.283 0.166 0.072 7503 97441 0.077 1063 269 319 305 370 44 11 0 144 7.65 866857 768558 61075 16157 1678 672818 63927 132730 11341 36032 58707 62429 20789 3656 38384 926030 1041640 "7 ITAQUERA"
"39" 23 2013 "PERDIZES" 5 7 386 1 16 12 7 311 1644 1331 4901 2 127457 57814 13709 24828 6874 12111 70 47339 10379 11066 13097 12797 13.209 8.508 0.219 0.234 0.277 0.27 151576 125458 1.208 1444 84 66 197 186 113 0 0 8 12.2 277869 873223 539486 3887000 3445352 1274093 1251258 467261 180022 336488 382162 309538 47972 27095 156800 482641 4227917 "3 OESTE"
"40" 23 2003 "PERDIZES" 9 13 349 0 10 36 38 369 2215 1361 3009 12 118554 18516 28930 53285 8933 13632 0 40079.941 3714.134 5668.24 8495.902 22201.665 18.32 10.284 0.093 0.141 0.212 0.554 77235 115513 0.669 1945 390 323 433 491 114 0 0 84 12.2 282373 908812 562428 3211922 2045511 1190369 879062 520858 192150 156297 147287 305869 44682 25841 129909 456964 3417733 "3 OESTE"
"41" 24 2013 "PONTE_RASA" 10 17 640 0 36 91 22 486 1413 736 1718 8 92545 43564 14024 22138 7046 11003 1104 27190 17626 6670 2400 494 5.239 11.163 0.648 0.245 0.088 0.018 9055 93929 0.096 1575 701 779 773 938 97 56 0 115 6.55 814307 1091243 32642 198484 0 517534 41388 62271 14764 13598 43925 40684 44901 964 28598 887806 735128 "7 ITAQUERA"
"42" 24 2003 "PONTE_RASA" 35 33 440 0 20 27 56 831 2085 805 1955 39 97231 17673 26165 46256 8726 12836 519 27646.466 9901.397 8487.744 5995.465 3261.86 9.4 9.027 0.358 0.307 0.217 0.118 6114 98172 0.062 1046 283 465 320 348 84 54 0 160 6.55 759352 984216 33007 123436 0 481346 36481 58876 12638 12985 39653 29925 42188 883 12717 814257 672787 "7 ITAQUERA"
"43" 25 2013 "PARELHEIROS" 43 22 420 0 59 116 10 223 627 136 916 47 146096 71765 27994 40853 13989 20336 4005 35952 31317 3889 639 107 3.33 12.489 0.871 0.108 0.018 0.003 5216 139172 0.037 730 120 231 178 201 21 1 0 7 360.6 438672 120051 15486 0 0 94862 0 37062 5720 8390 6874 13845 0 355 3071 441743 167108 "6 SANTO AMARO"
"44" 25 2003 "PARELHEIROS" 134 56 236 2 14 15 58 171 632 79 742 109 119602 23899 34805 59470 11794 17091 3824 28270.081 18397.22 7160.325 2266.526 446.009 5.124 11.238 0.651 0.253 0.08 0.016 2759 110654 0.025 588 155 214 186 208 32 2 0 128 360.6 380947 92393 11801 0 0 78708 0 36001 5006 5860 7494 8557 0 0 1980 382927 141626 "6 SANTO AMARO"
"45" 27 2013 "CAMPO_BELO" 10 9 405 2 7 80 21 865 1918 535 3390 3 65208 29839 6883 11891 3388 5748 1714 22370 5237 4995 5555 6583 13.342 8.52 0.234 0.223 0.248 0.294 73783 65760 1.122 1442 626 487 626 680 19 44 0 66 8.85 62141 1068006 760895 1116184 2368832 690295 329909 41315 22026 247317 71427 51586 30540 13050 106453 199134 1466925 "2 SUL"
"46" 27 2003 "CAMPO_BELO" 16 21 398 3 3 58 47 901 3007 1313 2641 21 66528 10413 16278 30465 4983 7648 897 21514.034 3098.066 2971.438 3830.659 11613.871 17.562 9.874 0.144 0.138 0.178 0.54 122747 66756 1.839 1301 270 449 275 389 50 123 10 229 8.85 61390 1088832 753513 1036139 1317956 555801 322649 87600 16758 147970 87103 46473 23825 12565 93381 178596 1276919 "2 SUL"
"47" 28 2013 "FREGUESIA_DO_Ó" 11 20 223 3 12 48 29 831 1672 427 2525 24 141709 66584 20552 32844 10331 16338 1723 43254 24524 11760 5636 1334 6.182 10.573 0.567 0.272 0.13 0.031 29912 142349 0.21 697 99 132 99 112 4 0 0 2 11.09 751375 1864274 139993 1019188 42349 957747 96887 216742 56510 32501 102622 93966 59837 4301 72935 884147 1561276 "4 OESTE"
"48" 28 2003 "FREGUESIA_DO_Ó" 27 23 231 0 10 31 42 388 1153 590 1666 41 144679 25536 38101 68552 12564 18535 1619 41875.241 13885.791 11818.791 9680.808 6489.851 10.288 8.762 0.332 0.282 0.231 0.155 20331 145018 0.14 859 166 333 184 183 72 5 0 105 11.09 685836 1769236 138085 779823 40411 876880 90742 230835 50820 26489 95333 75345 38431 2862 55235 779502 1449306 "4 OESTE"
"49" 29 2013 "VILA_DIVA" 2 2 142 1 8 5 0 219 377 477 766 7 84373 38923 10431 17023 5242 8535 0 26549 12423 7469 4747 1910 7.76 9.713 0.468 0.281 0.179 0.072 22261 84971 0.262 556 26 94 26 28 7 0 0 8 7.12 464372 1631967 157714 1061843 493191 819404 96839 360167 89612 23714 73016 78101 26742 11371 67455 558569 1552224 "5 LESTE"
"50" 29 2003 "VILA_DIVA" 8 5 145 2 4 10 27 583 867 550 905 14 85775 13507 20329 39812 6697 10063 0 26609.448 6836.175 7067.269 6351.491 6354.513 12.185 8.484 0.257 0.266 0.239 0.239 16601 85992 0.193 357 106 186 130 146 25 37 0 56 7.12 455074 1564328 156316 542128 265321 796241 97951 432355 86706 19318 66834 66228 24634 15434 45413 525121 1581067 "5 LESTE"
"51" 31 2013 "VILA_CARRÃO" 3 3 204 0 2 10 5 167 451 383 765 3 83965 39060 11121 17785 5739 9027 688 25694 12455 7254 4400 1585 7.44 9.873 0.485 0.282 0.171 0.062 24875 83238 0.299 1003 428 214 482 557 58 0 0 42 7.88 478383 1374614 142033 904834 684114 862652 133272 305179 77364 50205 84727 69840 19784 8293 47859 546026 1591532 "5 LESTE"
"52" 31 2003 "VILA_CARRÃO" 0 6 135 0 4 1 26 378 840 618 867 10 79904 12644 19008 37307 6329 9345 853 23165.364 6335.666 5991.8 5924.62 4913.279 11.762 8.51 0.273 0.259 0.256 0.212 15821 78269 0.202 453 110 150 137 169 43 86 0 84 7.88 479048 1302188 164063 657041 98107 806505 90515 414059 77447 52430 64001 58472 16378 9263 39427 534853 1572692 "5 LESTE"
"53" 33 2003 "PIRITUBA" 23 16 271 1 15 27 59 475 1212 481 1426 28 109016 19574 29540 52336 9681 14498 3941 31172.777 10328.761 8592.779 7023.115 5228.122 10.468 8.718 0.331 0.276 0.225 0.168 24236 108477 0.223 683 189 367 222 243 43 4 0 105 14.38 632872 1416313 300213 321072 14422 700872 91324 550332 305967 40426 53126 66577 14864 1343 50503 698239 1809967 "3 OESTE"
"54" 33 2013 "PIRITUBA" 5 10 342 0 19 63 10 640 1128 949 1649 6 109938 52273 15952 25494 7989 12734 3746 32479 19396 7903 3951 1229 6.089 10.629 0.597 0.243 0.122 0.038 41683 109727 0.38 1094 554 761 556 540 183 24 0 61 14.38 660291 1520123 376834 436903 75761 751822 125673 494127 433908 49783 64387 55549 40337 13999 55288 755916 1989248 "3 OESTE"
"55" 34 2013 "VILA_SONIA" 12 12 212 1 10 30 18 518 1799 491 2540 19 161788 76168 22950 37049 11380 18135 9770 47487 17963 9863 9392 10269 10.876 8.632 0.378 0.208 0.198 0.216 76685 155086 0.494 924 59 217 82 105 26 10 0 36 21.49 407535 1453413 2851574 1703151 3509340 724090 509863 68597 37776 319047 208089 403720 105430 2218 118982 631947 2273400 "3 OESTE"
"56" 34 2003 "VILA_SONIA" 33 17 233 2 14 5 47 587 1822 603 1717 49 132449 23426 35571 62716 11433 17112 4911 34537.672 7662.06 6030.828 6059.877 14784.908 15.198 8.897 0.222 0.175 0.175 0.428 36602 121994 0.3 748 208 342 208 289 56 0 21 152 21.49 406426 1312172 2567863 1330313 2704245 596295 359301 81296 51582 200041 198342 349091 55555 2045 88022 550003 1837993 "3 OESTE"
"57" 36 2013 "VILA_MARIANA" 3 6 164 0 4 2 1 192 1314 651 2914 6 131190 59101 13656 25586 6776 12480 434 48435 9336 11350 13626 14123 13.749 8.569 0.193 0.234 0.281 0.292 162243 130427 1.244 733 41 43 56 81 15 11 0 13 8.51 155102 1111035 369257 4563764 3363880 980370 1561532 41181 17607 634354 465985 201930 75406 21683 195276 425784 3924642 "2 SUL"
"58" 36 2003 "VILA_MARIANA" 7 3 278 1 7 7 31 275 1698 1262 2112 13 125900 19708 31471 55770 9415 14751 196 43468.321 4308.814 5966.366 8911.734 24281.406 18.317 10.282 0.099 0.137 0.205 0.559 81222 123788 0.656 1173 210 133 210 269 37 185 21 84 8.51 163913 1157825 402452 4079311 2140841 911261 1307191 58449 16091 481863 344097 161910 63626 28061 189777 417316 3308923 "2 SUL"
"59" 37 2013 "CAMPO_LIMPO" 47 45 735 3 65 112 30 1082 3277 640 2595 51 216854 103760 35943 56382 17886 27796 15247 60546 41845 13068 4612 1021 4.911 11.379 0.691 0.216 0.076 0.017 15439 211186 0.073 903 109 462 112 248 44 0 0 29 12.51 1236672 975609 104041 765198 0 620094 20817 55544 30445 13238 126987 87598 384163 1601 38397 1659232 956324 "3 OESTE"
"60" 37 2003 "CAMPO_LIMPO" 102 90 361 1 16 31 63 831 2054 547 1093 93 197923 39149 58827 95366 19077 28632 9076 52349.52 23225.308 15028.422 9292.683 4803.106 8.219 9.498 0.444 0.287 0.178 0.092 6868 191239 0.036 927 236 805 253 315 33 40 0 176 12.51 1155452 865133 75992 590799 0 574069 15799 78720 62365 10813 89355 79800 250024 3938 23870 1429346 914859 "3 OESTE"
"61" 38 2013 "VILA_AMÁLIA" 14 16 454 3 37 248 11 308 928 397 1504 44 252468 119346 39650 61904 19798 30734 10149 73906 43548 18785 8931 2642 6.086 10.631 0.589 0.254 0.121 0.036 26937 251098 0.107 809 123 84 131 141 49 16 7 64 26.7 1135675 2176292 133178 1834130 378593 1016846 226361 68501 31524 52526 83848 117386 389411 9714 68747 1593833 1606706 "4 OESTE"
"62" 38 2003 "VILA_AMÁLIA" 39 40 527 1 19 54 53 217 1139 365 1485 120 251636 46311 69004 119926 22801 33635 7548 70085.519 24775.471 18808.212 14884.45 11617.386 10.226 8.778 0.354 0.268 0.212 0.166 14428 250598 0.058 1080 221 279 223 271 55 0 0 183 26.7 1070666 2010007 115568 1425887 98667 882350 127272 66171 28214 52754 73286 87272 261255 4582 26753 1358674 1321901 "4 OESTE"
"63" 40 2013 "VILA_SANTA_MARIA" 13 11 341 4 16 154 9 380 889 349 1895 14 79757 37062 11769 18897 5831 9326 1179 24043 13744 6528 3067 704 6.111 10.616 0.572 0.272 0.128 0.029 32709 80245 0.408 549 62 122 65 81 59 25 0 9 6.39 406614 1068880 40185 549362 22022 523289 188387 322033 166330 76718 49230 43303 119142 2514 51099 576855 1371804 "4 OESTE"
"64" 40 2003 "VILA_SANTA_MARIA" 50 15 303 2 9 25 54 309 833 564 1242 46 81778 15056 22195 38374 7353 10819 1809 23468.54 8485.019 5978.445 5390.275 3614.801 10.11 8.808 0.362 0.255 0.23 0.154 20112 82133 0.245 863 170 370 181 238 64 2 0 142 6.39 384810 1037353 39106 304160 13604 509475 152872 330207 134842 73939 43136 34190 109574 2565 46038 540422 1281226 "4 OESTE"
"65" 41 2013 "VILA_RICA" 26 18 435 3 35 62 14 677 1227 711 1568 14 88334 41838 12909 20351 6501 10170 304 26297 16870 6550 2402 475 5.294 11.127 0.642 0.249 0.091 0.018 16299 89664 0.182 1138 115 361 161 232 76 18 1 29 6.84 714603 1206984 55981 195239 36618 643442 24782 264029 70662 8291 35971 50811 56799 2355 64707 836109 1100343 "8 SÃO MATEUS"
"66" 41 2003 "VILA_RICA" 55 20 255 0 13 75 63 1121 1440 634 1171 22 93631 16653 24828 44670 8215 12221 791 26157.815 9571.493 7447.24 5843.728 3295.353 9.551 8.976 0.366 0.285 0.223 0.126 10421 94845 0.11 720 232 1000 261 378 113 1 10 164 6.84 694281 1138035 56765 99242 7566 576174 25982 259211 61771 7223 36051 39591 35679 1380 42879 772839 1007383 "8 SÃO MATEUS"
"67" 42 2013 "PARQUE_SÃO_LUCAS" 7 12 211 1 8 28 4 636 946 713 973 19 142709 67542 20050 32374 10084 16230 2143 43585 25815 12162 4856 752 5.676 10.883 0.592 0.279 0.111 0.017 20888 142323 0.147 958 59 216 77 78 23 6 0 7 9.67 956294 1792661 42504 943407 40195 888662 78564 288378 117061 26059 53589 62036 69363 9971 46875 1072532 1524320 "5 LESTE"
"68" 42 2003 "PARQUE_SÃO_LUCAS" 16 19 172 1 3 14 38 880 1171 580 849 46 140527 23878 35931 67015 11817 17720 751 40906.093 13817.331 11622.436 9542.718 5923.608 10.095 8.812 0.338 0.284 0.233 0.145 13209 139469 0.095 629 139 544 189 194 52 0 0 128 9.67 1132572 1693266 43903 735765 8151 823111 87775 322016 96783 31306 51511 42904 62689 7957 24362 1219623 1463363 "5 LESTE"
"69" 44 2013 "GUAIANAZES" 12 16 855 1 33 45 14 962 1109 318 1771 17 105505 50945 19315 28970 9688 14375 1762 28739 23589 4169 765 216 3.727 12.2 0.821 0.145 0.027 0.008 5764 103948 0.055 831 73 285 77 136 8 11 0 18 8.66 662971 296540 6290 0 0 261890 13224 11418 18620 25321 35234 35666 288585 186 9038 960594 401559 "8 SÃO MATEUS"
"70" 44 2003 "GUAIANAZES" 95 22 229 2 22 23 39 245 1035 218 869 90 100921 20434 29913 49179 10150 14770 1742 25634.5 14232.144 7461.363 3134.217 806.776 6.192 10.567 0.555 0.291 0.122 0.031 2215 98391 0.023 648 157 253 180 202 63 10 6 103 8.66 568273 271496 5591 0 0 225713 3774 12444 10563 5532 27107 26631 209980 80 8780 787033 311844 "8 SÃO MATEUS"
"71" 46 2013 "PERUS" 32 40 634 4 69 36 11 626 1453 328 1397 25 154721 75762 28725 42967 14285 21235 7739 39542 32040 6174 1174 154 3.739 12.191 0.81 0.156 0.03 0.004 8472 145662 0.058 1099 97 398 121 234 79 0 0 7 56.88 601933 371594 24350 263 0 259514 7010 53157 17493 5787 19661 33340 0 402 9434 611367 396364 "3 OESTE"
"72" 46 2003 "PERUS" 100 34 535 1 17 32 61 242 783 284 1103 56 119724 22810 34367 59110 11148 16770 6093 28912 15505.013 8734.593 3673.31 999.084 6.376 10.458 0.536 0.302 0.127 0.035 2506 108465 0.023 851 162 425 178 226 40 17 0 132 56.88 545579 309156 15771 263 0 207080 3645 58628 8076 4882 15016 17368 0 0 5556 551135 314695 "3 OESTE"
"73" 47 2013 "CAPÃO_REDONDO" 48 59 758 5 89 190 40 828 3315 443 1607 37 277091 132150 48151 74716 23850 36672 21679 76056 60230 12708 2736 382 3.898 12.078 0.792 0.167 0.036 0.005 22816 268481 0.085 1568 956 1274 1151 1004 176 73 0 97 13.85 1452498 723673 32824 224504 40195 681635 103046 65601 23418 18071 77557 138737 341152 4720 42149 1835799 1112785 "6 SANTO AMARO"
"74" 47 2003 "CAPÃO_REDONDO" 196 94 340 3 20 43 114 535 1975 364 1075 168 248921 51101 75828 119796 24839 36832 14757 64833.69 33145.831 19352.68 9084.203 3250.977 6.872 10.176 0.511 0.298 0.14 0.05 10711 240353 0.045 955 305 818 358 374 61 26 3 230 13.85 1320624 609299 34136 207059 0 645466 20080 73591 21562 20611 58240 127001 113993 4319 36620 1471237 970870 "6 SANTO AMARO"
"75" 48 2013 "CIDADE_DUTRA" 9 14 174 3 18 80 7 481 1022 308 1330 33 197913 94393 32690 50685 16377 25150 6602 54710 37610 12403 3889 808 4.854 11.416 0.687 0.227 0.071 0.015 21357 196317 0.109 447 72 203 134 149 17 8 0 7 28.05 1038250 1389711 169867 46811 57188 623322 25318 93920 27039 34827 156224 134379 279695 3614 42275 1360220 1098643 "6 SANTO AMARO"
"76" 48 2003 "CIDADE_DUTRA" 50 28 185 4 13 19 49 436 1688 466 1214 136 193696 38191 56156 92933 18707 27366 8228 51532.938 21866.329 15085.915 9512.349 5068.345 8.484 9.381 0.424 0.293 0.185 0.098 12020 191203 0.063 574 184 253 214 230 39 8 0 132 28.05 954222 1342624 166396 41226 57532 602597 24363 79428 28874 22235 115085 99132 247385 3280 33242 1234849 974994 "6 SANTO AMARO"
"77" 50 2013 "ITAIM_PAULISTA" 18 36 636 5 67 165 36 1551 2565 716 1702 37 227112 109030 42075 62906 21079 31259 5352 59588 50598 7666 1202 122 3.441 12.407 0.849 0.129 0.02 0.002 16930 223974 0.076 1942 824 1060 925 965 151 56 1 143 12.22 1449060 724579 9010 49389 0 668034 37951 69745 32305 14815 51740 63850 183626 9630 36279 1668965 948070 "7 ITAQUERA"
"78" 50 2003 "ITAIM_PAULISTA" 116 74 216 4 22 25 112 665 1963 556 1185 143 216857 43413 63418 105195 21342 31083 3592 55110.524 33219.491 14802.132 5584.232 1504.67 5.724 10.853 0.603 0.269 0.101 0.027 6431 212253 0.03 1081 311 599 368 395 71 56 36 268 12.22 1358842 663365 12220 20757 0 641332 31466 67299 35343 11252 45717 47972 59121 5524 67099 1485062 885905 "7 ITAQUERA"
"79" 51 2003 "BUTANTÃ" 20 24 185 5 11 21 39 668 1101 485 1089 12 53381 8848 13850 24861 4434 6866 169 16399.272 2547.215 2662.384 3826.132 7363.542 16.331 9.303 0.155 0.162 0.233 0.449 31832 52705 0.604 860 209 652 242 269 37 19 12 130 12.89 210617 1036152 397900 794864 102397 489163 169004 56532 58367 85854 688929 41401 5052 3341 38248 253917 1592591 "3 OESTE"
"80" 51 2013 "BUTANTÃ" 9 14 309 2 14 14 16 981 1706 554 2103 6 54177 25434 6306 11420 3195 5820 260 17913 5416 4815 4640 3042 10.903 8.627 0.302 0.269 0.259 0.17 61197 54184 1.129 815 48 366 55 121 48 0 0 24 12.89 210747 1080892 405916 897021 120988 577997 183470 54601 59760 98400 1088559 65774 30228 4057 50032 291007 2132618 "3 OESTE"
"81" 53 2003 "PARQUE_DO_CARMO" 68 34 219 4 15 14 41 416 871 514 929 44 65518 12938 19142 31993 6439 9496 1263 16889.537 7625.249 5201.968 2839.303 1223.018 7.771 9.708 0.451 0.308 0.168 0.072 10740 63985 0.168 795 160 428 198 213 52 0 35 99 15.66 403907 326500 38059 33635 0 124812 9010 115797 25584 36781 18389 36535 28634 20 2460 435001 366928 "8 SÃO MATEUS"
"82" 53 2013 "PARQUE_DO_CARMO" 15 12 373 1 30 35 19 1027 1105 596 1155 14 69346 33583 11534 17929 5805 8968 3109 18712 13087 3983 1319 323 4.834 11.43 0.699 0.213 0.07 0.017 18307 68222 0.268 1140 631 900 724 710 124 63 0 110 15.66 463998 483499 50946 67646 0 147209 9962 136172 29660 85339 34272 40102 57195 52 19699 540892 482768 "8 SÃO MATEUS"
"83" 54 2013 "CIDADE_TIRADENTES" 26 26 513 3 30 58 9 512 881 241 963 61 352621 169776 66769 99387 33090 48975 6606 90105 78106 10746 1155 98 3.281 12.525 0.867 0.119 0.013 0.001 9758 338727 0.029 1104 104 939 161 213 66 28 2 16 34.69 675302 180028 1327 0 0 199204 4950 45300 6830 10977 9988 31757 1033491 7424 5448 1714241 316430 "8 SÃO MATEUS"
"84" 54 2003 "CIDADE_TIRADENTES" 85 45 429 2 17 43 45 138 993 108 855 190 305476 61267 89221 147921 29722 43311 2646 75859.809 44107.4 23042.153 7376.237 1334.019 5.63 10.912 0.581 0.304 0.097 0.018 5384 290803 0.019 787 135 467 183 175 100 0 15 114 34.69 585007 144525 1493 152 0 177268 5117 43343 6538 6300 10790 17164 135196 6474 2095 722298 272994 "8 SÃO MATEUS"
"85" 55 2013 "PARQUE_SÃO_RAFAEL" 15 13 266 2 37 27 6 1622 996 277 739 31 148748 72882 27056 40175 13691 20105 5852 37975 31392 5536 943 104 3.601 12.291 0.827 0.146 0.025 0.003 4296 143821 0.03 740 75 708 110 152 54 61 0 18 13.1 763682 480171 3627 0 0 279452 15705 9309 4198 4370 11736 32383 15840 30 11390 790912 357183 "8 SÃO MATEUS"
"86" 55 2003 "PARQUE_SÃO_RAFAEL" 71 21 158 3 8 6 39 837 969 230 705 91 130294 25318 37931 64236 12416 18672 4923 33114.05 18817.852 9431.806 3857.457 1006.934 6.064 10.644 0.568 0.285 0.116 0.03 1954 124731 0.016 682 104 825 133 145 44 6 2 119 13.1 699945 401299 3493 0 0 256840 13228 8098 3219 2419 10198 23211 15840 0 4045 719830 317213 "8 SÃO MATEUS"
"87" 56 2013 "VILA_ALPINA" 3 9 233 0 9 32 4 453 784 827 1319 6 104444 49058 13910 23002 6999 11594 1833 32925 17796 8308 4933 1888 6.925 10.147 0.541 0.252 0.15 0.057 28750 104225 0.276 1025 440 447 440 513 98 0 0 68 9.5 517231 1808389 182976 799611 385582 820082 311074 413451 138290 52058 99365 113211 82280 3830 55379 654890 1951361 "5 LESTE"
"88" 56 2003 "VILA_ALPINA" 18 12 124 1 3 22 16 471 685 362 701 35 103046 17308 26040 48503 8659 12937 2355 31269.103 9962.014 8544.533 6660.139 6102.416 10.92 8.624 0.319 0.273 0.213 0.195 18329 102227 0.179 458 107 234 107 130 19 29 0 70 9.5 503584 1669830 177568 490744 239678 908504 95028 489882 81965 39395 97089 78019 55619 4322 28877 588080 1794204 "5 LESTE"
"89" 58 2013 "VILA_FORMOSA" 0 6 149 0 6 5 12 182 440 29 800 10 94689 44501 13189 21078 6689 10596 295 28533 14992 7277 4096 2168 7.279 9.956 0.525 0.255 0.144 0.076 27792 94792 0.293 421 37 82 48 49 12 0 0 11 7.46 546673 1392777 177397 547496 1012261 756751 391642 155963 31862 52706 81930 87278 21969 2959 36485 605127 1561091 "5 LESTE"
"90" 58 2003 "VILA_FORMOSA" 10 9 164 2 4 5 17 453 738 442 889 28 94269 16036 23862 44524 7890 11706 61 27776.767 7827.016 7989.25 6386.543 5573.958 11.327 8.559 0.282 0.288 0.23 0.201 12041 93904 0.128 572 83 205 100 130 33 11 0 64 7.46 528713 1279898 184643 438000 660682 699897 322707 170334 29385 53235 59337 69425 21969 2912 25082 575764 1407232 "5 LESTE"
"91" 59 2013 "JARDIM_NOÊMIA" 10 19 349 3 33 127 9 456 922 157 762 24 134650 65406 24735 37069 12365 18421 2335 34766 29532 4411 745 78 3.453 12.399 0.849 0.127 0.021 0.002 5643 135075 0.042 845 155 342 185 184 38 20 0 13 9.15 979880 549833 6526 3570 0 520966 3435 86207 17312 15693 45010 34453 41068 286 16828 1037776 723362 "7 ITAQUERA"
"92" 59 2003 "JARDIM_NOÊMIA" 39 50 141 4 14 19 60 404 923 147 491 67 138442 27836 40888 67731 13730 20118 1688 36659 22531.741 9370.968 3765.64 990.652 5.67 10.887 0.615 0.256 0.103 0.027 2454 138924 0.018 565 200 288 230 249 40 12 0 130 9.15 889798 525699 7812 3570 0 388727 4951 142797 12231 9083 33522 30375 8208 286 10572 908578 621972 "7 ITAQUERA"
"93" 62 2013 "ERMELINO_MATARAZZO" 10 20 424 2 30 68 16 305 1062 446 1398 14 115311 55441 19052 29696 9501 14632 3158 31914 22795 6786 2084 249 4.555 11.619 0.714 0.213 0.065 0.008 11533 113556 0.102 942 123 139 161 162 43 20 0 20 8.95 711266 747236 24737 132914 0 504443 28737 265230 32847 19832 44839 51962 81799 4635 23015 816080 952525 "7 ITAQUERA"
"94" 62 2003 "ERMELINO_MATARAZZO" 43 35 173 4 8 18 50 322 1264 427 988 40 109188 21022 31309 52888 10285 15304 8968 29274 13738.945 8473.431 5018.651 2042.974 7.66 9.762 0.469 0.289 0.171 0.07 6444 106748 0.06 758 180 297 223 232 43 30 2 119 8.95 651783 656603 23785 78331 0 471382 18573 256932 26430 16799 38054 40383 67735 6326 18805 738323 874879 "7 ITAQUERA"
"95" 63 2013 "VILA_JACUÍ" 21 23 510 3 40 88 38 860 1498 586 1630 30 143267 68891 25542 39074 12676 19297 8529 39071 30709 6550 1562 250 3.982 12.018 0.786 0.168 0.04 0.006 7880 142365 0.055 1605 742 578 893 753 193 65 0 114 7.84 910873 637919 22417 47886 25122 442597 24576 37002 20595 28176 72558 41704 120893 476 89621 1121387 667684 "7 ITAQUERA"
"96" 63 2003 "VILA_JACUÍ" 69 49 187 1 13 18 68 462 1251 286 894 74 142271 28149 41524 69035 13717 20244 8818 37492.751 20153.512 10545.635 5179.223 1614.381 6.602 10.328 0.538 0.281 0.138 0.043 5166 141544 0.036 881 211 455 249 292 50 119 2 192 7.84 692663 529263 23710 68956 16558 374595 18785 33484 14368 28162 54279 23231 28959 14235 36646 758268 561139 "7 ITAQUERA"
"97" 65 2013 "ARTUR_ALVIM" 5 10 244 0 22 58 13 267 709 322 911 8 103676 48436 15360 24458 7666 12077 2554 32638 21989 8364 2027 258 4.736 11.496 0.674 0.256 0.062 0.008 7325 105317 0.07 793 117 156 129 146 111 14 1 22 6.49 548238 743982 17483 0 0 471689 84182 19808 10961 23907 67444 64799 660566 1168 15865 1224669 743958 "7 ITAQUERA"
"98" 65 2003 "ARTUR_ALVIM" 23 16 144 1 12 19 16 215 922 352 924 37 110092 20308 30385 51906 9942 14853 1869 31658.721 11158.818 9985.927 7894.306 2619.67 9.056 9.151 0.352 0.315 0.249 0.083 3971 111294 0.036 455 68 242 68 93 339 50 0 54 6.49 521864 686517 18484 0 0 400305 62349 21703 6943 19504 60762 52569 648746 880 9064 1179674 625015 "7 ITAQUERA"
"99" 66 2013 "VALE_DO_ARICANDUVA" 17 11 263 2 6 46 7 419 888 387 1319 19 129295 62355 21221 33077 10572 16346 3378 35857 24248 8466 2769 374 4.88 11.399 0.676 0.236 0.077 0.01 16392 126512 0.13 785 113 326 151 243 38 20 0 27 10.55 890457 1049423 27934 213147 0 446072 438108 79895 40025 10078 16282 66433 48972 409 21332 960761 1097302 "8 SÃO MATEUS"
"100" 66 2003 "VALE_DO_ARICANDUVA" 32 22 173 5 4 25 28 507 1214 429 1068 45 120022 23426 34647 58325 11567 17036 2247 31293.472 12754.955 9620.917 6275.058 2642.542 8.444 9.398 0.408 0.307 0.201 0.084 10253 116666 0.088 889 145 464 183 157 40 2 3 99 10.55 843254 866842 26352 197299 0 680312 10444 80249 33221 4553 14704 31219 26994 260 14587 884835 854962 "8 SÃO MATEUS"
"101" 67 2013 "JARDIM_ROBRU" 11 17 267 1 24 79 0 403 900 144 549 26 150119 72381 27119 40626 13589 20234 4429 41000 33070 6527 1242 161 3.763 12.174 0.807 0.159 0.03 0.004 7161 149030 0.048 596 154 318 163 184 68 68 4 22 9.5 1354452 548500 14741 81310 0 597211 21109 24109 33130 12456 25949 43505 36025 1203 21547 1412024 758672 "7 ITAQUERA"
"102" 67 2003 "JARDIM_ROBRU" 41 15 110 2 5 7 56 373 796 150 384 64 147856 28954 42758 71823 14301 21041 3229 38724.19 22077.827 10578.74 4606.498 1461.124 6.202 10.561 0.57 0.273 0.119 0.038 3675 146289 0.025 389 122 304 136 157 22 8 1 132 9.5 1191029 490502 15428 52045 0 589118 15840 21510 29667 9426 20167 36687 756 150 19540 1211325 722565 "7 ITAQUERA"
"103" 68 2013 "LAJEADO" 11 21 295 3 30 95 12 724 1205 22 896 23 167313 81164 31965 47519 15847 23502 4631 43405 37637 5059 640 69 3.303 12.509 0.867 0.117 0.015 0.002 5829 164451 0.035 788 120 355 135 154 55 21 0 12 8.89 1075191 386573 2614 0 0 373973 5254 20350 12197 15582 20331 38947 95337 45 9830 1180358 486679 "7 ITAQUERA"
"104" 68 2003 "LAJEADO" 85 40 138 4 8 16 33 271 844 114 578 114 159627 32211 47202 78063 15817 23158 7538 40631.693 25756.537 10468.051 3641.641 765.464 5.332 11.102 0.634 0.258 0.09 0.019 2455 157316 0.016 626 103 409 158 140 58 11 0 54 8.89 983540 359766 2914 0 0 331460 3069 20554 12035 11661 18552 31198 48385 0 8666 1040591 428529 "7 ITAQUERA"
"105" 70 2013 "VILA_EMA" 10 12 248 1 24 87 9 1001 1241 591 1163 35 286222 137515 48056 74386 24059 37080 17534 80674 63130 14426 2824 294 3.914 12.066 0.783 0.179 0.035 0.004 17176 284503 0.06 926 108 592 151 223 46 30 0 37 13.48 1992389 1407552 14475 176856 0 871850 52392 98715 52502 20892 68268 83928 341207 1045 39325 2372921 1249592 "8 SÃO MATEUS"
"106" 70 2003 "VILA_EMA" 82 35 146 5 2 35 53 1533 1966 425 831 172 283243 54917 80802 137204 27071 39771 11177 76234.913 37575.606 23009.605 12090.884 3558.819 7.042 10.083 0.493 0.302 0.159 0.047 9439 282054 0.033 807 171 1660 202 221 47 44 13 163 13.48 1866255 1295033 12499 170775 0 991646 50111 93384 41248 13629 59795 56708 261566 422 22015 2149836 1306943 "8 SÃO MATEUS"
"107" 74 2003 "JARAGUÁ" 85 44 387 1 21 36 63 113 881 230 1254 81 157503 30696 45214 76541 15134 22120 4674 38630.604 18261.076 12370.858 6307.361 1691.309 7.127 10.037 0.473 0.32 0.163 0.044 8673 145327 0.06 585 167 429 203 195 41 2 0 153 28.12 667723 527688 11376 56685 0 306570 4448 216127 30933 24472 30412 27100 224573 274 5328 897624 640336 "4 OESTE"
"108" 74 2013 "JARAGUÁ" 22 25 628 4 44 181 11 614 1452 286 1382 18 193695 93247 34320 51996 17219 25773 7873 50455 38417 9756 2025 257 4.083 11.947 0.761 0.193 0.04 0.005 14754 184451 0.08 804 109 627 109 131 27 1 0 9 28.12 789573 685683 17362 90914 0 367409 13234 235542 57289 27756 32623 42079 252083 554 12572 1054228 776486 "4 OESTE"
"109" 75 2013 "JARDIM_ARPOADOR" 12 27 368 2 40 104 21 698 1303 354 1067 19 102421 48369 16463 25782 8203 12641 3837 28177 18818 6233 2437 689 5.237 11.163 0.668 0.221 0.086 0.024 18404 100086 0.184 586 71 462 71 181 59 0 0 17 12.26 546923 678293 11836 252260 0 331039 80046 323269 73235 67448 20096 30269 178928 430 13796 739647 925832 "3 OESTE"
"110" 75 2003 "JARDIM_ARPOADOR" 46 24 220 1 12 27 23 429 915 207 582 32 93866 18740 27971 44906 9203 13612 2206 24631.011 10038.191 7162.838 4757.452 2672.531 8.81 9.246 0.408 0.291 0.193 0.109 12966 91141 0.142 485 120 652 140 156 30 3 0 125 12.26 476845 574636 8912 206539 0 281506 79942 301593 80741 60848 18853 31955 97662 5714 9614 584121 861152 "3 OESTE"
"111" 77 2013 "SANTA_CECÍLIA" 6 9 347 1 20 141 3 75 1328 167 2876 5 85500 39583 9805 18090 4839 8815 375 34100 13791 9666 6658 3985 8.987 9.177 0.404 0.283 0.195 0.117 77604 83606 0.928 812 193 51 215 325 76 25 2 13 3.79 45634 126157 7727 2968136 1206039 757574 949459 121997 95719 240215 156261 127723 165976 40986 76080 287690 2489934 "1 CENTRO"
"112" 77 2003 "SANTA_CECÍLIA" 27 27 279 1 5 66 34 123 1775 331 2340 14 75223 11872 19396 33895 5715 9335 272 26168.223 4492.364 6103.608 6905.313 8666.937 14.417 8.692 0.172 0.233 0.264 0.331 59756 71314 0.838 1144 356 186 412 441 508 2 0 69 3.79 47704 134953 10360 2569096 1060768 744380 960429 149534 89116 227047 127075 114171 138372 42847 82967 269043 2454599 "1 CENTRO"
"113" 78 2013 "JARDINS" 3 4 246 0 7 4 6 48 1602 386 5529 3 89495 39899 8173 16024 3972 7581 0 36582 6148 7933 10193 12308 14.637 8.743 0.168 0.217 0.279 0.336 169090 88651 1.907 1557 624 114 586 664 49 103 0 31 6.25 12791 199159 556256 3280076 5184170 850559 2184417 1872 6153 1072518 153841 166551 24827 14817 114019 151637 4450728 "1 CENTRO"
"114" 78 2003 "JARDINS" 2 6 208 1 4 9 16 148 1707 430 2459 6 85254 12374 20491 36655 5682 9248 0 32782.54 2122.754 3924.872 6456.699 20278.215 19.478 10.981 0.065 0.12 0.197 0.619 105330 83844 1.256 1019 152 117 163 196 27 3 0 68 6.25 12727 228457 558615 3136513 4924930 829074 1903062 14499 6562 518512 156849 141062 31548 18217 62736 107011 3587837 "1 CENTRO"
"115" 81 2013 "BELÉM" 1 6 103 1 6 13 7 42 393 99 899 8 46445 22281 5880 10245 3008 5302 600 13756 6207 4035 2604 910 7.821 9.683 0.451 0.293 0.189 0.066 48181 45010 1.07 446 42 62 46 48 19 1 0 13 6.08 230753 535189 35726 452619 204868 749644 349004 769279 240282 131400 109826 139319 76307 33529 87812 394872 2522283 "5 LESTE"
"116" 81 2003 "BELÉM" 11 12 274 0 3 56 13 81 449 176 759 11 40940 6749 10337 18925 3389 5193 513 11701.097 2909.74 2869.613 2990.216 2931.528 12.558 8.478 0.249 0.245 0.256 0.251 30436 39712 0.766 478 123 78 146 170 27 0 0 32 6.08 236235 533427 34369 422708 114749 739768 346821 859939 190887 128872 109747 151706 24641 28257 73273 334149 2555997 "5 LESTE"
"117" 87 2013 "VILA_PEREIRA_BARRETO" 9 8 293 2 16 37 11 748 1012 577 1373 14 169010 80123 25102 39905 12590 19855 3494 50566 29477 12872 6482 1735 6.147 10.594 0.583 0.255 0.128 0.034 20834 167879 0.124 378 57 235 57 94 16 12 0 17 17.1 881252 1965108 137939 917822 3007 781904 125830 86608 38075 61606 68061 71287 82055 2107 65815 1029122 1235478 "3 OESTE"
"118" 87 2003 "VILA_PEREIRA_BARRETO" 36 17 216 2 4 30 30 241 793 405 1096 64 164009 29247 43893 78169 14349 21436 4361 46934.933 16713.231 12849.919 10672.744 6699.038 9.923 8.861 0.356 0.274 0.227 0.143 12531 161736 0.077 697 159 326 214 206 62 62 3 125 17.1 835662 1755705 130252 650576 3007 790225 37664 98377 31964 59014 54399 61335 67679 1442 34031 937372 1134420 "3 OESTE"
"119" 89 2013 "PORTAL_DO_MORUMBI" 16 15 282 0 26 70 13 256 1513 124 1316 18 138681 67689 23201 36658 11487 18246 20195 38801 21847 4750 4729 7475 8.97 9.183 0.563 0.122 0.122 0.193 24776 126439 0.196 1298 664 712 703 681 66 66 0 139 10.31 98771 146772 358854 1458792 4683170 347538 404605 57941 11000 52570 144494 22171 14930 1113 65728 179429 1041432 "3 OESTE"
"120" 89 2003 "PORTAL_DO_MORUMBI" 38 26 252 5 15 10 40 312 1203 144 910 34 89322 17234 26756 43640 8328 12949 7777 21034.101 8266.347 3686.527 1977.357 7103.87 12.15 8.485 0.393 0.175 0.094 0.338 12046 73293 0.164 938 166 215 186 228 190 4 0 109 10.31 98856 114032 308747 879172 2591839 214747 260467 41864 19120 11785 129108 12226 11804 1539 110108 220768 690856 "3 OESTE"
"121" 91 2013 "CEAGESP" 6 17 222 0 8 48 16 220 747 641 1687 1 41442 20491 5054 8511 2643 4542 744 13045 3238 2660 3438 3709 13.211 8.508 0.248 0.204 0.264 0.284 52427 39360 1.332 1512 661 475 752 719 94 92 0 95 6.97 68470 384524 162478 832620 992846 465659 474188 330887 409185 37490 73854 280499 28812 9904 79674 176956 2081666 "3 OESTE"
"122" 91 2003 "CEAGESP" 37 14 168 0 2 30 46 296 909 751 1196 5 30436 4953 7684 14486 2592 3904 66 6800.019 1315.703 1231.931 1345.417 2906.967 15.498 8.992 0.193 0.181 0.198 0.427 32310 26874 1.202 909 232 309 233 288 31 9 0 131 6.97 71188 394064 161465 422403 240811 424721 311737 544371 388032 27922 47691 274750 9356 7323 35986 116530 2026547 "3 OESTE"
"123" 92 2013 "PARQUE_SANTO_ANTÔNIO" 54 47 539 2 82 205 53 619 2250 582 2028 62 275886 132517 46502 73056 23190 36198 21125 77782 59959 13782 3524 517 4.102 11.933 0.771 0.177 0.045 0.007 39379 267617 0.147 1206 190 284 398 390 93 12 7 46 25.69 1270272 1151868 100543 413499 416 900258 414728 226384 53956 49993 76208 124086 257884 22145 92481 1620637 1867758 "6 SANTO AMARO"
"124" 92 2003 "PARQUE_SANTO_ANTÔNIO" 164 73 303 5 15 39 124 666 2316 585 1283 192 248326 50060 75129 119981 24488 36709 12963 66313.175 31792.928 19953.566 10373.133 4193.548 7.383 9.903 0.479 0.301 0.156 0.063 29049 238858 0.122 941 279 747 332 328 56 12 56 287 25.69 1217773 1042374 94516 476282 416 828528 343837 232809 54615 41208 68732 99869 75856 9921 117102 1410731 1679519 "6 SANTO AMARO"
"125" 93 2013 "JAGUARÉ" 9 8 227 0 18 46 14 497 1462 719 2205 20 171719 81989 25599 41466 12799 20658 13284 51164 26913 11661 8408 4182 7.533 9.826 0.526 0.228 0.164 0.082 50250 168198 0.299 587 63 247 87 132 26 0 0 12 16.25 719938 1709246 469742 1880549 583662 769221 213193 569397 283167 53364 144734 68495 162349 9930 64929 947216 2111501 "3 OESTE"
"126" 93 2003 "JAGUARÉ" 31 29 291 1 17 20 28 628 1487 698 1909 35 158862 29697 44801 76048 14661 22032 8337 43622.12 14860.874 10126.342 8847.277 9787.626 11.244 8.57 0.341 0.232 0.203 0.224 29083 154193 0.189 745 184 452 208 217 39 27 1 79 16.25 698108 1575547 396473 1079954 185969 672056 164956 634920 286371 40511 94141 64848 93963 10052 34830 826901 1967855 "3 OESTE"
"127" 96 2013 "MONÇÕES" 2 3 318 1 11 9 18 245 1540 576 3052 4 94319 42961 8679 16351 4264 7880 285 36449 6541 7578 10176 12154 14.532 8.718 0.179 0.208 0.279 0.333 301733 92474 3.263 949 55 113 69 102 22 3 0 10 10.02 123746 1055598 200094 2957502 3607243 1200125 5662407 55087 15409 634481 204656 180537 32997 29655 134442 291185 7982357 "2 SUL"
"128" 96 2003 "MONÇÕES" 7 4 442 1 9 9 35 406 2661 943 2674 9 84794 12283 20084 37687 5727 9298 23 29540.776 3096.475 3851.598 5349.318 17243.384 18.549 10.415 0.105 0.13 0.181 0.584 139545 81680 1.708 1406 256 422 282 373 90 0 0 114 10.02 141179 1182965 207306 2513050 2682813 1170423 3505427 175484 27380 254515 147772 116825 30068 52258 105807 277054 5450084 "2 SUL"
"129" 98 2013 "JARDIM_MIRIAM" 34 29 621 1 57 138 38 1782 2318 349 1334 24 149334 72197 26695 40752 13367 20234 11086 39296 31216 6337 1466 277 3.931 12.054 0.794 0.161 0.037 0.007 6861 144165 0.048 1015 597 2353 700 629 229 51 0 149 18.41 702724 415911 33316 15392 0 247572 7870 71356 12065 10815 40409 34768 77018 1124 9255 788997 425979 "6 SANTO AMARO"
"130" 98 2003 "JARDIM_MIRIAM" 133 102 260 1 13 26 51 394 1626 222 784 92 132402 26920 39824 64349 12967 19336 8165 33647.483 18147.353 9644.531 4305.188 1550.411 6.569 10.346 0.539 0.287 0.128 0.046 4346 126989 0.034 642 168 745 168 179 37 3 0 71 18.41 666786 388622 32651 15392 0 255544 7381 65008 8145 10240 36872 26352 76995 1016 7374 751155 410558 "6 SANTO AMARO"
"131" 99 2013 "CAMPO_GRANDE" 5 8 180 4 7 7 11 571 922 604 1623 7 102797 47923 13773 21843 6880 10727 1388 32235 12052 8652 7443 4088 9.582 8.966 0.374 0.268 0.231 0.127 71239 100631 0.708 541 37 161 113 98 37 4 12 25 13.01 301553 1265475 267317 1810926 1210278 790978 383374 846689 153815 21843 152841 50577 181457 1831 93236 576246 2401948 "6 SANTO AMARO"
"132" 99 2003 "CAMPO_GRANDE" 10 4 133 2 4 0 41 543 1518 481 1468 23 94289 15581 23703 44278 7646 11423 722 27299.521 5451.403 5536.892 6327.619 9983.608 14.64 8.744 0.2 0.203 0.232 0.366 42352 91298 0.464 627 190 298 206 260 33 4 20 129 13.01 300797 1157984 257337 1321850 533469 619999 314191 1218551 159731 16805 79810 39268 99362 1836 66308 466467 2450191 "6 SANTO AMARO"
"133" 100 2003 "JARDIM_HERCULANO" 158 68 244 1 14 14 79 450 1439 195 664 212 260735 53840 80775 127586 25925 39147 18395 65180.275 39280.086 18113.275 6176.2 1610.713 5.63 10.912 0.603 0.278 0.095 0.025 4780 245125 0.02 874 222 520 254 252 42 0 0 243 37.05 1232772 397903 20519 17956 0 479375 6597 13999 13225 11957 28553 45019 15720 3569 26690 1275182 602294 "6 SANTO AMARO"
"134" 100 2013 "JARDIM_HERCULANO" 44 45 339 0 86 217 12 494 1907 229 1047 75 308424 149863 57049 86004 28434 42562 15082 79902 68983 9381 1384 154 3.347 12.476 0.863 0.117 0.017 0.002 10389 294979 0.035 938 130 421 167 232 51 0 0 13 37.05 1331970 439025 17161 1775 0 486650 19658 13482 12616 12465 32324 58068 37878 3797 29625 1399473 639060 "6 SANTO AMARO"
"135" 102 2013 "SOCORRO" 5 8 116 1 14 20 14 214 763 232 836 4 37222 17316 4701 7703 2372 3842 761 10875 4875 3263 1957 780 7.863 9.663 0.448 0.3 0.18 0.072 38638 37794 1.022 282 71 96 112 118 21 24 0 31 11.65 184888 611170 391667 284881 0 497280 30618 682581 145204 58650 41679 57623 16228 7932 34792 235908 1521567 "6 SANTO AMARO"
"136" 102 2003 "SOCORRO" 15 10 118 1 11 6 37 307 1179 424 791 15 38856 6661 9995 18151 3246 4861 1119 11494.95 2571.183 2760.157 2705.912 3457.698 13.411 8.527 0.224 0.24 0.235 0.301 22281 39139 0.569 493 138 171 148 203 23 40 3 95 11.65 181346 602202 370914 233368 0 447728 34201 679395 128475 44251 34916 44677 0 4442 33356 214702 1418085 "6 SANTO AMARO"
"137" 103 2013 "COHAB_ITAQUERA" 12 7 306 2 22 86 17 552 899 484 1307 13 128230 60424 20762 32124 10314 15824 656 35887 27508 7066 1232 81 3.964 12.03 0.767 0.197 0.034 0.002 11629 123970 0.094 824 80 169 90 111 41 20 0 7 14.47 364516 136372 463 14360 0 145818 5114 119062 7876 29539 40420 19283 990715 990 4905 1360136 368102 "7 ITAQUERA"
"138" 103 2003 "COHAB_ITAQUERA" 37 19 155 5 9 22 29 308 966 286 921 52 112302 22700 33000 53169 11129 16170 784 28638.102 11248.36 9185.538 6617.19 1587.014 8.239 9.489 0.393 0.321 0.231 0.055 6618 107069 0.062 605 114 249 168 143 74 0 0 98 14.47 319954 113034 1665 14360 0 153769 3833 121656 7118 21534 42361 15296 874892 990 3985 1198831 366557 "7 ITAQUERA"
"139" 1857 2013 "MOOCA" 2 5 256 1 9 3 4 263 659 969 1680 9 77435 36151 9333 15627 4720 7850 50 25347 8880 7332 5856 3279 9.745 8.914 0.35 0.289 0.231 0.129 55163 75613 0.73 826 46 156 68 55 32 4 1 6 7.97 193417 965710 194419 1467961 1476761 1002895 378338 639135 399847 205363 181924 229602 132533 36020 116912 442862 3073124 "5 LESTE"
"140" 1857 2003 "MOOCA" 10 16 292 1 3 10 25 533 1290 1026 1767 17 66987 9981 15267 30671 4910 7451 128 20667.559 4093.758 4376.728 4707.357 7489.716 14.56 8.725 0.198 0.212 0.228 0.362 38030 63367 0.6 936 128 259 162 180 369 3 0 69 7.97 195524 956831 195502 1069066 590641 881942 272096 1004263 447845 146389 161263 148380 84313 33507 78856 358693 3095685 "5 LESTE"
"141" 2073 2013 "JAÇANÃ_E_AGUA_FRIA" 32 26 1200 1 87 354 41 792 2228 1203 3398 44 398497 188616 62502 97655 31256 48500 9626 111177 69718 25977 11671 3811 5.752 10.836 0.627 0.234 0.105 0.034 51631 389984 0.132 3089 1256 1376 1259 1447 142 139 1 237 74.34 1829624 4299739 883233 1005042 40418 1510880 212282 302762 93084 185460 192497 197940 311438 13932 78233 2219295 2708837 "4 OESTE"
"142" 2073 2003 "JAÇANÃ_E_AGUA_FRIA" 130 44 1002 4 37 101 103 525 2676 1250 3048 135 366223 66547 99225 173974 32824 48900 3557 98627.872 34547.787 27001.076 21270.662 15808.347 10.171 8.792 0.35 0.274 0.216 0.16 30573 354702 0.086 1840 389 713 504 484 128 16 2 362 74.34 1765437 4031284 743690 814070 33158 1262427 183798 276936 97069 175716 180497 164587 301915 17100 61664 2129016 2358130 "4 OESTE"
"143" 3052 2013 "TATUAPÉ_E_PQ_SÃO_JORGE" 5 20 439 2 28 58 17 729 1790 1589 4511 5 93226 42783 11531 18907 5760 9292 347 31375 9563 8590 8325 4897 10.697 8.667 0.305 0.274 0.265 0.156 59449 91563 0.649 1297 108 256 122 125 34 4 0 35 8.43 297921 1205586 126084 2290982 1622265 1116032 557696 277224 77113 305230 249928 153719 70377 19877 155263 523561 2756819 "5 LESTE"
"144" 3052 2003 "TATUAPÉ_E_PQ_SÃO_JORGE" 16 21 293 4 8 16 18 1044 2445 1921 2803 16 83168 12515 19168 38209 6121 9253 982 25905.613 4587.909 4706.29 6200.786 10410.627 15.442 8.974 0.177 0.182 0.239 0.402 38235 79418 0.481 1444 352 496 406 469 77 11 0 166 8.43 307907 1232619 134602 1396693 902866 982736 479085 505951 92794 106887 179979 156843 48938 16448 125718 482563 2520723 "5 LESTE"
"145" 3264 2013 "ITAQUERA_AEC" 23 31 917 2 55 90 37 1081 2535 500 2871 39 206782 98586 34534 52682 17315 26190 3432 56561 40372 12367 3394 428 4.514 11.647 0.714 0.219 0.06 0.008 23986 204841 0.117 1788 541 540 633 800 96 20 0 69 14.64 1450550 1064965 25167 359489 0 734573 76636 84546 22480 46905 93864 121224 450713 15122 45857 1947120 1195350 "7 ITAQUERA"
"146" 3264 2003 "ITAQUERA_AEC" 91 47 386 13 32 34 120 1117 3101 995 2563 106 202957 38719 57732 97649 18967 28150 1369 53603.092 25061.186 15686.337 9078.85 3776.719 7.666 9.759 0.468 0.293 0.169 0.07 12200 201291 0.061 1693 319 813 384 356 120 97 3 243 14.64 1263329 911730 24531 178110 0 649591 54466 80833 20709 44047 79636 87323 382914 14448 23104 1669347 1031053 "7 ITAQUERA"
"147" 3597 2013 "JABAQUARA_AEROPORTO" 20 42 726 2 41 170 23 2504 3624 799 3552 29 225492 105509 32598 52661 16259 25906 14478 69799 37099 16873 10942 4885 7.243 9.976 0.532 0.242 0.157 0.07 91203 223699 0.408 1399 185 1107 218 373 196 66 0 37 14.06 1046591 2231556 102103 2418213 576271 1108730 574772 268649 103778 183724 150433 109676 108473 10676 99368 1254432 2510438 "2 SUL"
"148" 3597 2003 "JABAQUARA_AEROPORTO" 83 47 554 6 23 82 77 2105 3223 915 2333 81 217644 38509 58716 102161 18763 28327 6225 62858.486 19214.77 15376.192 13854.04 14413.483 11.637 8.522 0.306 0.245 0.22 0.229 50593 214137 0.236 1203 313 1881 380 553 125 0 0 330 14.06 1008740 2173000 101820 1932023 360209 1016583 494762 284214 90157 162812 136529 88439 100776 10320 81648 1191164 2283816 "2 SUL"
"149" 4380 2013 "ADEMAR_JOANIZA" 10 17 417 4 38 135 30 1506 2444 418 1904 36 272818 129492 45461 71353 22487 35098 13172 74737 55911 13049 4550 1227 4.503 11.654 0.748 0.175 0.061 0.016 22649 266479 0.085 1528 118 562 203 206 51 34 11 25 12.19 1610624 1517755 198313 609656 52413 894515 85533 150009 51580 43382 125440 87587 125644 4913 56597 1792865 1442959 "6 SANTO AMARO"
"150" 4380 2003 "ADEMAR_JOANIZA" 101 63 318 0 11 84 101 1371 2555 522 1536 172 251494 50217 74329 120085 24410 36092 11871 66099.516 29898.733 19043.239 11051.8 6105.745 8.109 9.548 0.452 0.288 0.167 0.092 12566 243297 0.052 1088 275 1155 368 376 99 38 24 228 12.19 1536324 1437864 191569 531634 51674 859710 74529 158936 49647 42281 114630 68786 93194 5547 36956 1666474 1374066 "6 SANTO AMARO"
"151" 4572 2013 "BRASILÂNDIA" 41 47 717 1 69 172 27 495 1515 187 1941 63 270012 128993 48454 73245 23769 35823 18281 72078 58216 11210 2324 328 3.783 12.16 0.808 0.156 0.032 0.005 8436 264764 0.032 2164 1050 952 1076 1363 405 240 17 98 21.15 1297685 930785 13550 110282 0 686730 48702 40414 13966 10503 61070 56759 16111 482 39006 1352802 918626 "4 OESTE"
"152" 4572 2003 "BRASILÂNDIA" 114 96 432 4 29 71 92 190 1187 334 1419 154 253750 50287 74356 122348 24455 36169 11629 65706.978 35567.208 18582.894 8776.781 2780.095 6.536 10.366 0.541 0.283 0.134 0.042 4811 246906 0.019 1166 251 573 377 290 200 23 12 261 21.15 1191580 923438 13499 107670 0 657518 32272 38010 13803 5413 55603 43412 14205 450 25791 1231576 846481 "4 OESTE"
"153" 4969 2013 "SÃO_MATEUS_TV" 47 53 1139 9 74 149 54 3450 3299 1765 3323 26 154990 74807 25438 39441 12827 19722 5106 43225 31379 9334 2253 259 4.366 11.749 0.726 0.216 0.052 0.006 22497 155138 0.145 3541 1424 4175 1680 1695 318 186 2 202 12.83 1377689 904444 15564 137788 1232 740525 47065 284241 106896 21420 66573 81215 167666 1142 31464 1576819 1349077 "8 SÃO MATEUS"
"154" 4969 2003 "SÃO_MATEUS_TV" 183 106 602 6 39 76 108 2466 3473 1680 2849 102 155743 29466 43728 75741 14614 21609 3536 41980.491 18560.464 12338.662 8329.905 2751.461 7.925 9.634 0.442 0.294 0.198 0.066 13157 154839 0.085 1520 429 2781 566 603 172 0 31 370 12.83 1258358 786764 14665 103734 1232 679311 32624 237274 83976 19253 39969 58946 134669 1614 22545 1415572 1152967 "8 SÃO MATEUS"
"155" 85101 2013 "GRAJAÚ" 55 75 954 4 99 288 46 1190 3167 707 2401 67 369471 179233 68575 103260 34000 50948 19564 96584 81005 13391 2008 180 3.495 12.368 0.839 0.139 0.021 0.002 13742 360538 0.038 1223 802 1514 820 970 222 66 0 280 92.53 1602947 330419 10419 0 0 511093 10733 8450 9651 13581 47868 60472 129930 10501 14204 1747081 672349 "6 SANTO AMARO"
"156" 85101 2003 "GRAJAÚ" 323 126 462 8 26 48 151 885 3055 483 1405 318 341800 70857 104724 166942 34329 50713 22761 86770.106 51016.311 24486.182 9203.244 2064.37 5.772 10.823 0.588 0.282 0.106 0.024 7053 331837 0.021 1409 401 1072 440 509 102 3 1 416 92.53 1520343 313599 9952 0 0 507252 7492 6415 7660 7507 35095 39194 135980 7909 11631 1667954 618524 "6 SANTO AMARO"
"157" 193990 2013 "VILA_MARIA_E_MEDEIROS" 23 19 865 2 74 296 30 825 2877 1875 4278 25 241159 113932 36999 59164 18460 29379 4268 70669 47556 15966 5776 1371 5.088 11.261 0.673 0.226 0.082 0.019 69976 243472 0.287 2024 229 482 233 273 50 3 0 31 19.63 1315346 3054686 149898 528675 117033 2224241 381471 780953 605445 145273 173530 137601 160479 32864 177498 1653323 4481378 "4 OESTE"
"158" 193990 2003 "VILA_MARIA_E_MEDEIROS" 92 70 902 2 28 104 77 804 2767 1621 3534 121 251943 46222 69134 119327 22710 34046 3561 73000.729 27662.528 22152.086 15229.387 7956.728 9.077 9.143 0.379 0.303 0.209 0.109 52282 254669 0.205 2136 420 967 503 634 157 32 3 327 19.63 1289200 2968007 146852 274198 63820 2118902 352519 823772 564788 94423 121520 110721 151527 21852 99354 1540081 4208497 "4 OESTE"
"159" 268395 2003 "CURSINO_SACOMÃ" 125 53 743 3 32 52 94 1215 3120 737 2333 151 338855 60073 90842 160669 29526 44290 15897 96425.424 31000.71 26116.33 21340.877 17967.507 10.813 8.644 0.321 0.271 0.221 0.186 44058 330341 0.133 1461 308 963 348 434 85 51 2 295 26.64 1275593 3489694 395258 2246668 403344 1567138 371117 1107130 166919 132098 197225 160719 293224 12551 68568 1637385 3714897 "2 SUL"
"160" 268395 2013 "CURSINO_SACOMÃ" 22 31 924 3 66 214 47 1669 3907 700 2526 43 363662 171711 52838 85300 26450 42377 26979 109000 61464 27171 14949 5416 6.579 10.341 0.564 0.249 0.137 0.05 62259 356710 0.175 2117 611 1861 664 840 96 125 2 145 26.64 1276021 3606468 409252 3348603 677231 1621729 392121 1045143 252394 196177 214175 205110 395966 29296 104218 1776205 3956145 "2 SUL"
