"Ano" "Distrito" "Dpol" "Seccional" "homic" "roubovcl" "furtovcl" "jov1524" "baixopadrao" "rendamedia" "dprendamedia" "favela" "eformais" "mandato"
"1" 2003 "SÉ" 1 "1 CENTRO" 251.435077565349 384.26870344893 1148.06205227952 0.0881445988898904 115.205 9.155 9.114 0 3.96 1105.36552967408
"2" 2013 "SÉ" 1 "1 CENTRO" 81.1227387036586 304.21027013872 1022.1465076661 0.0732132716800519 134.707 4.786 11.462 0 3.944 369.108461101647
"3" 2013 "BOM_RETIRO" 2 "1 CENTRO" 11.2463800714145 157.449320999803 351.449377231704 0.0762223409340119 247.949 6.268 10.522 0 1.713 354.260972249557
"4" 2003 "BOM_RETIRO" 2 "1 CENTRO" 20.9380234505863 247.766610831937 589.754327191513 0.0887074260189838 223.771 11.321 8.559 1395.86823003908 1.504 174.483528754886
"5" 2013 "CAMPOS_ELÍSIOS" 3 "1 CENTRO" 15.3102885138813 61.2411540555253 452.504082743604 0.0567841589548176 426.834 6.379 10.457 0 2.695 105.47087642896
"6" 2003 "CAMPOS_ELÍSIOS" 3 "1 CENTRO" 88.9415950192707 148.235991698784 727.344599268702 0.0828738017590671 365.532 11.291 8.564 0 1.606 583.061567348552
"7" 2013 "CONSOLAÇÃO" 4 "1 CENTRO" 3.12022215981778 60.8443321164467 358.04549283909 0.0553059377827701 373.157 10.882 8.631 0 1.662 19.5013884988611
"8" 2003 "CONSOLAÇÃO" 4 "1 CENTRO" 3.3106827455492 120.839920212546 339.344981418793 0.0799281581844216 344.136 15.672 9.052 0 0.972 38.0728515738158
"9" 2013 "ACLIMAÇÃO" 5 "1 CENTRO" 5.68165677111446 126.416863157297 940.314195619443 0.0610920144314082 167.483 9.467 9.004 124.996448964518 0.601 55.396153518366
"10" 2003 "ACLIMAÇÃO" 5 "1 CENTRO" 31.0993624630695 166.381589177422 606.437568029855 0.0811848857098429 162.269 14.405 8.689 0 0.397 262.789612812937
"11" 2013 "CAMBUCI" 6 "1 CENTRO" 13.0828405463394 1132.97399131299 1724.31838400754 0.0601810665131613 234.64 9 9.172 0 1.102 68.030770840965
"12" 2003 "CAMBUCI" 6 "1 CENTRO" 41.7818345439352 896.702449058302 2455.48627627435 0.0774892331426368 217.862 12.943 8.489 0 0.804 131.773478177026
"13" 2013 "LAPA" 7 "3 OESTE" 7.52819308309619 629.356941746842 2097.3545929506 0.0547901892587741 483.932 11.273 8.566 421.578812653387 1.567 155.080777511782
"14" 2003 "LAPA" 7 "3 OESTE" 29.1073738680466 512.61319534282 2157.17981888745 0.0719275549805951 446.906 15.343 8.942 105.109961190168 1.064 56.5976714100905
"15" 2013 "BRÁS" 8 "1 CENTRO" 39.3236335037357 416.17512124787 1330.44960020973 0.0748132127408573 410.265 5.653 10.897 0 1.983 448.944815834316
"16" 2003 "BRÁS" 8 "1 CENTRO" 87.2434851875735 568.979251223305 1471.75966316428 0.0894435382923036 269.08 10.646 8.678 0 1.268 216.212115464856
"17" 2013 "CARANDIRU" 9 "4 OESTE" 16.2854661262305 439.707585408222 16.2854661262305 0.0651599594672843 465.746 7.239 9.978 170.092646207296 0.709 74.189345686161
"18" 2003 "CARANDIRU" 9 "4 OESTE" 29.2734333834234 638.160847758631 2056.94658574189 0.0830975195644113 417.239 11.555 8.53 70.2562401202162 0.507 87.8203001502703
"19" 2013 "PENHA_DE_FRANÇA" 10 "5 LESTE" 5.2758914372282 376.095689596696 442.421181950422 0.0743109308933592 2113.315 5.609 10.925 2422.76471785286 0.155 35.4238425071036
"20" 2003 "PENHA_DE_FRANÇA" 10 "5 LESTE" 6.46002196407468 258.020877270983 391.401330764525 0.0860398925356346 1958.448 9.802 8.897 1964.60667966271 0.104 18.2400620162109
"21" 2013 "SANTO_AMARO" 11 "6 SANTO AMARO" 12.365355023082 794.130578149044 1312.10156078259 0.0572378544735107 442.314 13.135 8.502 60.452846779512 2.262 377.83029237195
"22" 2003 "SANTO_AMARO" 11 "6 SANTO AMARO" 48.4261501210654 809.185347184254 2340.07654455987 0.0756385222213544 402.84 17.295 9.74 15.6213387487308 1.702 470.202296336796
"23" 2013 "PARI" 12 "1 CENTRO" 39.1608391608392 788.811188811189 1756.64335664336 0.0755244755244755 125.42 5.802 10.805 727.272727272727 1.32 246.153846153846
"24" 2003 "PARI" 12 "1 CENTRO" 244.766505636071 1146.53784219002 2331.7230273752 0.0857326892109501 93.386 11.087 8.595 347.826086956522 1.014 998.389694041868
"25" 2013 "CASA_VERDE" 13 "4 OESTE" 4.4385045198771 262.8581010105 594.759605663532 0.0630464908690099 1044.132 9.019 9.165 62.1390632782794 0.488 75.947744006786
"26" 2003 "CASA_VERDE" 13 "4 OESTE" 8.67528411555478 222.183665403931 522.926848076497 0.0866998255303972 968.93 13.992 8.608 10.6031250301225 0.268 37.5928978340707
"27" 2003 "PINHEIROS" 14 "3 OESTE" 15.7499281988567 477.130177788895 1707.477510029 0.069716593939057 432.136 18.486 10.378 5.55879818783179 0.873 62.999712795427
"28" 2013 "PINHEIROS" 14 "3 OESTE" 3.69808808845827 268.111386413224 1087.23789800673 0.0506545615916571 491.991 14.074 8.623 20.3394844865205 1.222 79.5088939018527
"29" 2013 "ITAIM_BIBI" 15 "3 OESTE" 2.33587554455099 148.328097078988 518.564370890319 0.046752549024188 220.239 16.289 9.286 0 1.152 40.8778220296423
"30" 2003 "ITAIM_BIBI" 15 "3 OESTE" 2.67012002189498 508.657864170995 1029.33126844052 0.0659519645408061 217.959 20.162 11.427 0 0.894 41.3868603393723
"31" 2013 "VILA_CLEMENTINO" 16 "2 SUL" 3.027138294813 687.917177496254 678.835762611815 0.052626799255324 1219.836 11.876 8.501 372.338010261999 0.579 39.352797832569
"32" 2003 "VILA_CLEMENTINO" 16 "2 SUL" 11.4659175600527 773.94943530356 1757.5613631338 0.0721042415705031 1089.709 16.908 9.556 216.214445418137 0.35 56.5105936888314
"33" 2013 "IPIRANGA" 17 "2 SUL" 6.44478202826497 742.070616397367 1121.39207291811 0.0666758734981356 727.952 8.304 9.46 552.409888136998 0.533 25.7791281130599
"34" 2003 "IPIRANGA" 17 "2 SUL" 21.7211010623593 598.317601990443 1539.23620710083 0.0810295801903558 622.768 11.884 8.5 38.5055882469097 0.44 38.5055882469097
"35" 2013 "VILA_MATILDE" 21 "5 LESTE" 8.55212520311297 410.502009749423 689.871433051113 0.0727880878398282 712.18 6.221 10.55 186.246282201127 0.161 6.65165293575453
"36" 2003 "VILA_MATILDE" 21 "5 LESTE" 13.4870861150448 853.539878423552 968.180110401434 0.0848819398283287 638.3 10.245 8.773 0 0.092 52.9849811662476
"37" 2013 "SÃO_MIGUEL_PAULISTA" 22 "7 ITAQUERA" 12.0986812437444 939.297616559795 569.737898569056 0.0820620552359793 977.3 4.304 11.792 788.614041069523 0.138 46.1949647488424
"38" 2003 "SÃO_MIGUEL_PAULISTA" 22 "7 ITAQUERA" 41.4546434382481 693.3289115047 443.564684789255 0.0918220352157196 926.03 7.617 9.784 927.547646930802 0.077 45.6001077820729
"39" 2013 "PERDIZES" 23 "3 OESTE" 3.92289164188707 244.003860125376 1044.27375507034 0.0539319142926634 482.641 13.209 8.508 54.9204829864189 1.208 88.6573511066477
"40" 2003 "PERDIZES" 23 "3 OESTE" 7.59147730148287 311.250569360798 1148.0000674798 0.0753496297046072 456.964 18.32 10.284 0 0.669 96.1587124854497
"41" 2013 "PONTE_RASA" 24 "7 ITAQUERA" 10.8055540547842 525.14992706251 795.288778432114 0.0761359338700092 887.806 5.239 11.163 1192.93316764817 0.096 104.813874331406
"42" 2003 "PONTE_RASA" 24 "7 ITAQUERA" 35.9967500077136 854.665693040286 827.925250177413 0.0897450401620882 814.257 9.4 9.027 533.78037868581 0.062 86.3922000185126
"43" 2013 "PARELHEIROS" 25 "6 SANTO AMARO" 29.4327017851276 152.639360420545 93.0894754134268 0.0957521082028255 441.743 3.33 12.489 2741.34815463805 0.037 14.3741101741321
"44" 2003 "PARELHEIROS" 25 "6 SANTO AMARO" 112.038260229762 142.97419775589 66.0524071503821 0.0986103911305831 382.927 5.124 11.238 3197.27094864634 0.025 26.7554054280029
"45" 2013 "CAMPO_BELO" 27 "2 SUL" 15.3355416513311 1326.52435284014 820.451478346215 0.0519568151147098 199.134 13.342 8.52 2628.51183903815 1.122 29.1375291375291
"46" 2003 "CAMPO_BELO" 27 "2 SUL" 24.050024050024 1354.31697931698 1973.6050986051 0.0749007936507936 178.596 17.562 9.874 1348.30447330447 1.839 75.1563251563252
"47" 2013 "FREGUESIA_DO_Ó" 28 "4 OESTE" 7.76238629868251 586.413001291379 301.321722685221 0.0729029207742627 884.147 6.182 10.573 1215.87196296636 0.21 2.82268592679364
"48" 2003 "FREGUESIA_DO_Ó" 28 "4 OESTE" 18.6620034697503 268.179901713448 407.799335079728 0.0868405228125713 779.502 10.288 8.762 1119.02902287132 0.14 49.7653425860007
"49" 2013 "VILA_DIVA" 29 "5 LESTE" 2.37042655825916 259.561708129378 565.346734144809 0.0621288800919726 558.569 7.76 9.713 0 0.262 8.29649295390706
"50" 2003 "VILA_DIVA" 29 "5 LESTE" 9.32672690177791 679.685222967065 641.212474497231 0.0780763625765083 525.121 12.185 8.484 0 0.193 29.146021568056
"51" 2013 "VILA_CARRÃO" 31 "5 LESTE" 3.57291728696481 198.892395641041 456.142440302507 0.0683499076996368 546.026 7.44 9.873 819.389031143929 0.299 69.0764008813196
"52" 2003 "VILA_CARRÃO" 31 "5 LESTE" 0 473.067681217461 773.428113736484 0.0792075490588706 534.853 11.762 8.51 1067.53103724469 0.202 53.8145774929916
"53" 2003 "PIRITUBA" 33 "3 OESTE" 21.0978205034123 435.715858222646 441.219637484406 0.0888034783884934 698.239 10.468 8.718 3615.06567843252 0.223 39.4437513759448
"54" 2013 "PIRITUBA" 33 "3 OESTE" 4.54801797376703 582.14630064218 863.213811420983 0.0726682311848496 755.916 6.089 10.629 3407.37506594626 0.38 166.457457839873
"55" 2013 "VILA_SONIA" 34 "3 OESTE" 7.41711375380127 320.172077039088 303.483571093035 0.0703389620985487 631.947 10.876 8.632 6038.76678121987 0.494 16.0704131332361
"56" 2003 "VILA_SONIA" 34 "3 OESTE" 24.9152503982665 443.189454054013 455.269575459233 0.086320017516176 550.003 15.198 8.897 3707.84226381475 0.3 42.2804249182704
"57" 2013 "VILA_MARIANA" 36 "2 SUL" 2.28675966155957 146.352618339812 496.226846558427 0.0516502782224255 425.784 13.749 8.569 330.817897705618 1.244 11.4337983077979
"58" 2003 "VILA_MARIANA" 36 "2 SUL" 5.55996822875298 218.427323272438 1002.38284352661 0.0747815726767276 417.316 18.317 10.282 155.679110405083 0.656 29.3884034948372
"59" 2013 "CAMPO_LIMPO" 37 "3 OESTE" 21.6735683916368 498.953212760659 295.129441928671 0.0824794562240033 1659.232 4.911 11.379 7030.99781419757 0.073 20.2901491325961
"60" 2003 "CAMPO_LIMPO" 37 "3 OESTE" 51.5351929790878 419.860248682569 276.370103525108 0.096385968280594 1429.346 8.219 9.498 4585.62168115883 0.036 16.6731506697049
"61" 2013 "VILA_AMÁLIA" 38 "4 OESTE" 5.54525722071708 121.995658855776 157.247651187477 0.0784178588969691 1593.833 6.086 10.631 4019.9153952184 0.107 19.4084002725098
"62" 2003 "VILA_AMÁLIA" 38 "4 OESTE" 15.4985773100828 86.2356737509736 145.050787645647 0.0906110413454355 1358.674 10.226 8.778 2999.57080862834 0.058 21.8569680013988
"63" 2013 "VILA_SANTA_MARIA" 40 "4 OESTE" 16.2995097608987 476.447208395501 437.579146657974 0.0731095703198465 576.855 6.111 10.616 1478.2401544692 0.408 73.9746981456173
"64" 2003 "VILA_SANTA_MARIA" 40 "4 OESTE" 61.1411382034288 377.85223409719 689.672038934677 0.0899141578419624 540.422 10.11 8.808 2212.08638020005 0.245 78.2606569003889
"65" 2013 "VILA_RICA" 41 "8 SÃO MATEUS" 29.4337401227161 766.409310118414 804.899585663504 0.0735956709760681 836.109 5.294 11.127 344.148346050218 0.182 86.0370865125546
"66" 2003 "VILA_RICA" 41 "8 SÃO MATEUS" 58.7412288665079 1197.25304653373 677.126165479382 0.0877380354797022 772.839 9.551 8.976 844.805673334686 0.11 120.686524762098
"67" 2013 "PARQUE_SÃO_LUCAS" 42 "5 LESTE" 4.90508657477805 445.662151651262 499.618103973821 0.0706612757429454 1072.532 5.676 10.883 1501.65721853562 0.147 16.1167130314136
"68" 2003 "PARQUE_SÃO_LUCAS" 42 "5 LESTE" 11.3857123542095 626.214179481523 412.732072840095 0.0840906018060586 1219.623 10.095 8.812 534.416873625709 0.095 37.0035651511809
"69" 2013 "GUAIANAZES" 44 "8 SÃO MATEUS" 11.3738685370362 911.805127719065 301.407516231458 0.0918250319890053 960.594 3.727 12.2 1670.06303018814 0.055 7.58257902469077
"70" 2003 "GUAIANAZES" 44 "8 SÃO MATEUS" 94.1330347499529 242.764142249879 216.010542899892 0.10057371607495 787.033 6.192 10.567 1726.10259509914 0.023 62.4250651499688
"71" 2013 "PERUS" 46 "3 OESTE" 20.6823895915874 404.599246385429 211.994493313771 0.0923274797861958 611.367 3.739 12.191 5001.90665779047 0.058 51.0596493042315
"72" 2003 "PERUS" 46 "3 OESTE" 83.5254418495874 202.131569276001 237.212254852828 0.09311416257392 551.135 6.376 10.458 5089.20517189536 0.023 33.410176739835
"73" 2013 "CAPÃO_REDONDO" 47 "6 SANTO AMARO" 17.3228289623265 298.818799600131 159.875275631471 0.0860728064065596 1835.799 3.898 12.078 7823.78352238073 0.085 63.5170395285303
"74" 2003 "CAPÃO_REDONDO" 47 "6 SANTO AMARO" 78.7398411544225 214.927627640898 146.231133572499 0.0997866793078929 1471.237 6.872 10.176 5928.38691793782 0.045 24.5057668898968
"75" 2013 "CIDADE_DUTRA" 48 "6 SANTO AMARO" 4.54745266859681 243.036081510563 155.623935769757 0.0827484803928999 1360.22 4.854 11.416 3335.80916867513 0.109 8.58963281846064
"76" 2003 "CIDADE_DUTRA" 48 "6 SANTO AMARO" 25.813646125888 225.094994217743 240.583181893276 0.0965791756153973 1234.849 8.484 9.381 4247.89360647613 0.063 20.1346439781926
"77" 2013 "ITAIM_PAULISTA" 50 "7 ITAQUERA" 7.92560498784741 682.922963119518 315.262953961041 0.0928132375215753 1668.965 3.441 12.407 2356.54654971996 0.076 66.4870196202755
"78" 2003 "ITAIM_PAULISTA" 50 "7 ITAQUERA" 53.4914713382552 306.653693447756 256.39015572474 0.0984150845949174 1485.062 5.724 10.853 1656.39107799149 0.03 32.740469526001
"79" 2003 "BUTANTÃ" 51 "3 OESTE" 37.4665143028418 1251.38157771492 908.562971843915 0.0830632622094003 253.917 16.331 9.303 316.592045859014 0.604 69.3130514602574
"80" 2013 "BUTANTÃ" 51 "3 OESTE" 16.6122155158093 1810.73149122321 1022.57415508426 0.058973365081123 291.007 10.903 8.627 479.908448234491 1.129 88.5984827509829
"81" 2003 "PARQUE_DO_CARMO" 53 "8 SÃO MATEUS" 103.788271925272 634.94001648402 784.517231905736 0.0982783357245337 435.001 7.771 9.708 1927.71452120028 0.168 79.3675020605025
"82" 2013 "PARQUE_DO_CARMO" 53 "8 SÃO MATEUS" 21.6306636287601 1480.97943644911 859.458368182736 0.0837106682433017 540.892 4.834 11.43 4483.31554812102 0.268 178.81348599775
"83" 2013 "CIDADE_TIRADENTES" 54 "8 SÃO MATEUS" 7.37335552902408 145.19838580232 68.3453339421078 0.0938401286366949 1714.241 3.281 12.525 1873.39948556666 0.029 18.7169794198304
"84" 2003 "CIDADE_TIRADENTES" 54 "8 SÃO MATEUS" 27.8254265474211 45.1753983946366 35.3546596131938 0.097297332687347 722.298 5.63 10.912 866.189160523249 0.019 32.7357959381424
"85" 2013 "PARQUE_SÃO_RAFAEL" 55 "8 SÃO MATEUS" 10.0841691989136 1090.43482937586 186.220991206604 0.0920415736682174 790.912 3.601 12.291 3934.17054346949 0.03 36.303009116089
"86" 2003 "PARQUE_SÃO_RAFAEL" 55 "8 SÃO MATEUS" 54.492148525642 642.39335656285 176.523861421094 0.0952921853654044 719.83 6.064 10.644 3778.37812946106 0.016 33.7697821849049
"87" 2013 "VILA_ALPINA" 56 "5 LESTE" 2.87235264830914 433.72524989468 791.811880050553 0.0670119872850523 654.89 6.925 10.147 1755.00746811689 0.276 93.830186511432
"88" 2003 "VILA_ALPINA" 56 "5 LESTE" 17.4679269452478 457.077421733983 351.299419676649 0.0840304330105002 588.08 10.92 8.624 2285.38710866991 0.179 18.4383673310949
"89" 2013 "VILA_FORMOSA" 58 "5 LESTE" 0 192.208176240112 30.6265775327652 0.0706417852126435 605.127 7.279 9.956 311.546219729852 0.293 12.6730665652821
"90" 2003 "VILA_FORMOSA" 58 "5 LESTE" 10.607941104711 480.539732043408 468.870996828226 0.0836966553161697 575.764 11.327 8.559 64.708440738737 0.128 35.0062056455463
"91" 2013 "JARDIM_NOÊMIA" 59 "7 ITAQUERA" 7.42666171555886 338.655774229484 116.598588934274 0.0918306721128853 1037.776 3.453 12.399 1734.12551058299 0.042 28.2213145191237
"92" 2003 "JARDIM_NOÊMIA" 59 "7 ITAQUERA" 28.1706418572399 291.818956674997 106.181650077289 0.099175105820488 908.578 5.67 10.887 1219.28316551336 0.018 28.8929660074255
"93" 2013 "ERMELINO_MATARAZZO" 62 "7 ITAQUERA" 8.67219952996678 264.502085663987 386.780099036519 0.0823945677342144 816.08 4.555 11.619 2738.68061156351 0.102 37.2904579788572
"94" 2003 "ERMELINO_MATARAZZO" 62 "7 ITAQUERA" 39.3816170275122 294.904201926952 391.068615598784 0.0941953328204565 738.323 7.66 9.762 8213.35677913324 0.06 39.3816170275122
"95" 2013 "VILA_JACUÍ" 63 "7 ITAQUERA" 14.6579463519164 600.277802983241 409.026502962999 0.0884781561699484 1121.387 3.982 12.018 5953.22021121403 0.055 134.713506948565
"96" 2003 "VILA_JACUÍ" 63 "7 ITAQUERA" 48.4989913615565 324.732376942595 201.024804773988 0.0964145890589087 758.268 6.602 10.328 6198.03051922036 0.036 35.144196638809
"97" 2013 "ARTUR_ALVIM" 65 "7 ITAQUERA" 4.82271692580732 257.533083838111 310.582970021992 0.0739418959064779 1224.669 4.736 11.496 2463.44380570238 0.07 107.064315752923
"98" 2003 "ARTUR_ALVIM" 65 "7 ITAQUERA" 20.8916179195582 195.291210987174 319.73258729063 0.090306289285325 1179.674 9.056 9.151 1697.67103876758 0.036 307.92428151001
"99" 2013 "VALE_DO_ARICANDUVA" 66 "8 SÃO MATEUS" 13.1482269229282 324.065122394524 299.315518774895 0.0817665029583511 960.761 4.88 11.399 2612.63003209714 0.13 29.3901542983101
"100" 2003 "VALE_DO_ARICANDUVA" 66 "8 SÃO MATEUS" 26.6617786739098 422.422555864758 357.434470347103 0.0963739981003483 884.835 8.444 9.398 1872.1567712586 0.088 33.3272233423872
"101" 2013 "JARDIM_ROBRU" 67 "7 ITAQUERA" 7.32752016733392 268.453693403233 95.9239003723713 0.0905215195944551 1412.024 3.763 12.174 2950.32607464745 0.048 45.2973973980642
"102" 2003 "JARDIM_ROBRU" 67 "7 ITAQUERA" 27.7296829347473 252.272481333189 101.450059517368 0.0967224867438589 1211.325 6.202 10.561 2183.88161454388 0.025 14.8793420625473
"103" 2013 "LAJEADO" 68 "7 ITAQUERA" 6.57450407320411 432.721904454525 13.1490081464082 0.0947146964073324 1180.358 3.303 12.509 2767.86621481893 0.035 32.8725203660206
"104" 2003 "LAJEADO" 68 "7 ITAQUERA" 53.2491370507496 169.770778126507 71.4164896915935 0.0990872471449066 1040.591 5.332 11.102 4722.25876574765 0.016 36.3347052816879
"105" 2013 "VILA_EMA" 70 "8 SÃO MATEUS" 3.49379153244684 349.728532397929 206.483079567608 0.0840571304791386 2372.921 3.914 12.066 6126.01407299229 0.06 16.0714410492555
"106" 2003 "VILA_EMA" 70 "8 SÃO MATEUS" 28.9504065413797 541.231380828476 150.047838781541 0.0955751774977669 2149.836 7.042 10.083 3946.08163308537 0.033 16.5935257005469
"107" 2003 "JARAGUÁ" 74 "4 OESTE" 53.9672260210917 71.7446651809807 146.02896452766 0.0960870586592001 897.624 7.127 10.037 2967.56252261862 0.06 26.0312501984089
"108" 2013 "JARAGUÁ" 74 "4 OESTE" 11.3580629339942 316.993210976019 147.654818141924 0.0888974934820207 1054.228 4.083 11.947 4064.63770360619 0.08 13.9394408735383
"109" 2013 "JARDIM_ARPOADOR" 75 "3 OESTE" 11.7163472334775 681.500864080608 345.632243387587 0.0800909969635133 739.647 5.237 11.163 3746.30202790443 0.184 57.6053738979311
"110" 2003 "JARDIM_ARPOADOR" 75 "3 OESTE" 49.0060298723713 457.034495983636 220.527134425671 0.0980440201990071 584.121 8.81 9.246 2350.15873692285 0.142 31.9604542645899
"111" 2013 "SANTA_CECÍLIA" 77 "1 CENTRO" 7.01754385964912 87.719298245614 195.321637426901 0.0565964912280702 287.69 8.987 9.177 438.59649122807 0.928 88.8888888888889
"112" 2003 "SANTA_CECÍLIA" 77 "1 CENTRO" 35.8932773220956 163.513818911769 440.024992356061 0.0759741036651024 269.043 14.417 8.692 361.591534504075 0.838 675.325365912022
"113" 2013 "JARDINS" 78 "1 CENTRO" 3.35214257779764 53.6342812447623 431.30901167663 0.0443823677300408 151.637 14.637 8.743 0 1.907 54.7516621040282
"114" 2003 "JARDINS" 78 "1 CENTRO" 2.34593098271049 173.598892720576 504.375161282755 0.066647899218805 107.011 19.478 10.981 0 1.256 31.6700682665916
"115" 2013 "BELÉM" 81 "5 LESTE" 2.15308429325008 90.4295403165034 213.155345031758 0.0647647755409624 394.872 7.821 9.683 1291.85057595005 1.07 40.9086015717515
"116" 2003 "BELÉM" 81 "5 LESTE" 26.8685881778212 197.850512945774 429.897410845139 0.0827796775769419 334.149 12.558 8.478 1253.05324865657 0.766 65.9501709819248
"117" 2013 "VILA_PEREIRA_BARRETO" 87 "3 OESTE" 5.32512869061002 442.577362286255 341.399917164665 0.074492633571978 1029.122 6.147 10.594 2067.33329388794 0.124 9.46689544997337
"118" 2003 "VILA_PEREIRA_BARRETO" 87 "3 OESTE" 21.9500149382046 146.943155558536 246.937668054802 0.0874891012078605 937.372 9.923 8.861 2659.00042070862 0.077 37.8028035046857
"119" 2013 "PORTAL_DO_MORUMBI" 89 "3 OESTE" 11.5372689842156 184.596303747449 89.4138346276707 0.0828303805135527 179.429 8.97 9.183 14562.1966960146 0.196 47.5912345598892
"120" 2003 "PORTAL_DO_MORUMBI" 89 "3 OESTE" 42.5427106423949 349.2980452744 161.214482434339 0.0932357090078592 220.768 12.15 8.485 8706.7015964712 0.164 212.713553211975
"121" 2013 "CEAGESP" 91 "3 OESTE" 14.4780657304184 530.862410115342 1546.7400221997 0.0637758795424931 176.956 13.211 8.508 1795.28015057188 1.332 226.823029776555
"122" 2003 "CEAGESP" 91 "3 OESTE" 121.566565908792 972.532527270338 2467.47272966224 0.0851623077934025 116.53 15.498 8.992 216.848468918386 1.202 101.853068734393
"123" 2013 "PARQUE_SANTO_ANTÔNIO" 92 "6 SANTO AMARO" 19.5733020160501 224.368036072871 210.956699506318 0.0840564581022596 1620.637 4.102 11.933 7657.14824238997 0.147 33.7095756943085
"124" 2003 "PARQUE_SANTO_ANTÔNIO" 92 "6 SANTO AMARO" 66.042218696391 268.195839340222 235.577426447492 0.0986123080144649 1410.731 7.383 9.903 5220.15415220315 0.122 22.5510015060847
"125" 2013 "JAGUARÉ" 93 "3 OESTE" 5.24112066806818 289.426330225543 418.707306704558 0.0745345593673385 947.216 7.533 9.826 7735.89410606864 0.299 15.1410152633081
"126" 2003 "JAGUARÉ" 93 "3 OESTE" 19.513791844494 395.311654140071 439.375055079251 0.092287645881331 826.901 11.244 8.57 5247.95105185633 0.189 24.549609094686
"127" 2013 "MONÇÕES" 96 "2 SUL" 2.12046353332839 259.756782832727 610.693497598575 0.0452082825305612 291.185 14.532 8.718 302.166053499295 3.263 23.3250988666122
"128" 2003 "MONÇÕES" 96 "2 SUL" 8.25530108262377 478.807462792179 1112.10698870203 0.0675401561431233 277.054 18.549 10.415 27.1245607000495 1.708 106.13958534802
"129" 2013 "JARDIM_MIRIAM" 98 "6 SANTO AMARO" 22.7677555010915 1193.29824420427 233.704313820028 0.0895107611126736 788.997 3.931 12.054 7423.62757309119 0.048 153.347529698528
"130" 2003 "JARDIM_MIRIAM" 98 "6 SANTO AMARO" 100.45165480884 297.578586426187 167.671183214755 0.0979365870606184 751.155 6.569 10.346 6166.82527454268 0.034 27.9451972024592
"131" 2013 "CAMPO_GRANDE" 99 "6 SANTO AMARO" 4.86395517378912 555.463680846717 587.565784993726 0.0669280231913383 576.246 9.582 8.966 1350.23395624386 0.708 35.9932682860395
"132" 2003 "CAMPO_GRANDE" 99 "6 SANTO AMARO" 10.605691013798 575.889022049232 510.133737763684 0.0810911134914995 466.467 14.64 8.744 765.730891196216 0.464 34.9987803455334
"133" 2003 "JARDIM_HERCULANO" 100 "6 SANTO AMARO" 60.5979250963622 172.589027173183 74.7885784417128 0.0994304562103285 1275.182 5.63 10.912 7055.05589966825 0.02 16.1083092028305
"134" 2013 "JARDIM_HERCULANO" 100 "6 SANTO AMARO" 14.2660752730008 160.169117837782 74.2484372162996 0.0921912691619329 1399.473 3.347 12.476 4890.0215288045 0.035 16.5356781573418
"135" 2013 "SOCORRO" 102 "6 SANTO AMARO" 13.4329160174091 574.928805545108 623.28730320778 0.0637257535865886 235.908 7.863 9.663 2044.48981784966 1.022 56.418247273118
"136" 2003 "SOCORRO" 102 "6 SANTO AMARO" 38.604076590488 790.096767551987 1091.20856495779 0.0835392217418159 214.702 13.411 8.527 2879.8641136504 0.569 59.1929174387482
"137" 2013 "COHAB_ITAQUERA" 103 "7 ITAQUERA" 9.35818451220463 430.476487561413 377.446775325587 0.0804335958823988 1360.136 3.964 12.03 511.580753333853 0.094 31.9737970833658
"138" 2003 "COHAB_ITAQUERA" 103 "7 ITAQUERA" 32.9468753895745 274.260476215918 254.670442200495 0.0990988584352906 1198.831 8.239 9.489 698.117575822336 0.062 65.8937507791491
"139" 2013 "MOOCA" 1857 "5 LESTE" 2.58281139019823 339.639697811067 1251.37211855104 0.0609543488086782 442.862 9.745 8.914 64.5702847549558 0.73 41.3249822431717
"140" 2003 "MOOCA" 1857 "5 LESTE" 14.9282696642632 795.676773105229 1531.64046755341 0.0732978040515324 358.693 14.56 8.725 191.081851702569 0.6 550.853150611313
"141" 2013 "JAÇANÃ_E_AGUA_FRIA" 2073 "4 OESTE" 8.03017337646206 198.746791067436 301.88433037137 0.0784347184545931 2219.295 5.752 10.836 2415.57652880699 0.132 35.6338943580504
"142" 2003 "JAÇANÃ_E_AGUA_FRIA" 2073 "4 OESTE" 35.4974974264314 143.355278068281 341.322090638764 0.0896284504250143 2129.016 10.171 8.792 971.266141121666 0.086 34.9513820814094
"143" 2013 "TATUAPÉ_E_PQ_SÃO_JORGE" 3052 "5 LESTE" 5.36331066440693 781.97069487053 1704.46012914852 0.0617853388539678 523.561 10.697 8.667 372.213760109841 0.649 36.4705125179671
"144" 2003 "TATUAPÉ_E_PQ_SÃO_JORGE" 3052 "5 LESTE" 19.2381685263563 1255.29049634475 2309.78260869565 0.0735980184686418 482.563 15.442 8.974 1180.74259330512 0.481 92.5836860330896
"145" 2013 "ITAQUERA_AEC" 3264 "7 ITAQUERA" 11.1228250041106 522.772775193199 241.800543567622 0.0837355282374675 1947.12 4.514 11.647 1659.71893104816 0.117 46.4257043649834
"146" 2003 "ITAQUERA_AEC" 3264 "7 ITAQUERA" 44.8370837172406 550.362884748986 490.251629655543 0.0934532930620772 1669.347 7.666 9.759 674.527116581345 0.061 59.1258246820755
"147" 2013 "JABAQUARA_AEROPORTO" 3597 "2 SUL" 8.86949426143721 1110.46068153194 354.336295744417 0.0721045535983538 1254.432 7.243 9.976 6420.6268958544 0.408 86.9210437620847
"148" 2003 "JABAQUARA_AEROPORTO" 3597 "2 SUL" 38.1356710959181 967.175754902501 420.411313888736 0.0862095899726158 1191.164 11.637 8.522 2860.17533219386 0.236 57.4332396022863
"149" 2013 "ADEMAR_JOANIZA" 4380 "6 SANTO AMARO" 3.66544729453335 552.016362556723 153.215696911494 0.0824249133121715 1792.865 4.503 11.654 4828.12717635933 0.085 18.6937812021201
"150" 2003 "ADEMAR_JOANIZA" 4380 "6 SANTO AMARO" 40.1600038171885 545.142230033321 207.559623688836 0.0970599696215417 1666.474 8.109 9.548 4720.19213182024 0.052 39.3647562168481
"151" 2013 "BRASILÂNDIA" 4572 "4 OESTE" 15.1845103180599 183.325185547309 69.2561812067612 0.088029420914626 1352.802 3.783 12.16 6770.43983230375 0.032 149.993333629616
"152" 2003 "BRASILÂNDIA" 4572 "4 OESTE" 44.9261083743842 74.8768472906404 131.625615763547 0.0963743842364532 1231.576 6.536 10.366 4582.85714285714 0.019 78.8177339901478
"153" 2013 "SÃO_MATEUS_TV" 4969 "8 SÃO MATEUS" 30.3245370669075 2225.95006129428 1138.78314729983 0.0827601780760049 1576.819 4.366 11.749 3294.40609071553 0.145 205.174527388864
"154" 2003 "SÃO_MATEUS_TV" 4969 "8 SÃO MATEUS" 117.501268114779 1583.37774410407 1078.70016629961 0.0938340727994196 1415.572 7.925 9.634 2270.40701668775 0.085 110.438350359246
"155" 2013 "GRAJAÚ" 85101 "6 SANTO AMARO" 14.8861480332692 322.082111992552 191.354666536751 0.0920234605693004 1747.081 3.495 12.368 5295.13818405233 0.038 60.0859066070138
"156" 2003 "GRAJAÚ" 85101 "6 SANTO AMARO" 94.4997074312463 258.923346986542 141.310708016384 0.100435927442949 1667.954 5.772 10.823 6659.15740198947 0.021 29.8420128730252
"157" 2013 "VILA_MARIA_E_MEDEIROS" 193990 "4 OESTE" 9.5372762368396 342.097951973594 777.495345394532 0.076547008405243 1653.323 5.088 11.261 1769.78673821006 0.287 20.7332092105209
"158" 2003 "VILA_MARIA_E_MEDEIROS" 193990 "4 OESTE" 36.5161961237264 319.119800907348 643.399499093049 0.0901394363010681 1540.081 9.077 9.143 1413.41493909337 0.205 62.3156825154896
"159" 2003 "CURSINO_SACOMÃ" 268395 "2 SUL" 36.8889347951189 358.560446208555 217.497159552021 0.0871346151008544 1637.385 10.813 8.644 4691.38717150404 0.133 25.0844756606808
"160" 2013 "CURSINO_SACOMÃ" 268395 "2 SUL" 6.04957350506789 458.94264454356 192.486429706706 0.0727323723677481 1776.205 6.579 10.341 7418.7019815103 0.175 26.3981389312054
